010004 016715 1 0 0 0 0 0 0 8 7 6 5 4 3 2 1
050000 050020 1 0 0 0 0 0 0 2 1 7 5 8 2 4 1
050022 058999 1 0 0 0 0 0 0 2 1 7 5 8 2 4 1
070116 070116 1 0 0 7 6 5 8 9 4 5 6 7 8 9 -1 12
070116 070116 0 0 3 2 4 5 8 9 4 5 6 7 8 9 -1 13
070246 070246 1 0 0 7 6 5 8 9 4 5 6 7 8 9 -1
070436 070436 1 0 0 7 6 5 8 9 4 5 6 7 8 9 -1
070806 070806 1 0 0 7 6 5 8 9 4 5 6 7 8 9 -1
070976 070976 1 0 0 7 6 5 8 9 4 5 6 7 8 9 -1
071096 071096 1 0 0 7 6 5 8 9 4 5 6 7 8 9 -1
071226 071226 1 0 0 7 6 5 8 9 4 5 6 7 8 9 -1
071306 071306 1 0 0 7 6 5 8 9 4 5 6 7 8 9 -1
071986 071986 1 0 0 7 6 5 8 9 4 5 6 7 8 9 -1
074456 074456 1 0 0 7 6 5 8 9 4 5 6 7 8 9 -1 12
074456 074456 0 0 3 2 4 5 8 9 4 5 6 7 8 9 -1 13
080211 080211 0 0 0 0 0 0 0 7 1 3 7 1 3 7 1
080228 080228 0 0 0 0 0 0 0 7 1 3 7 1 3 7 1
086001 086001 0 0 0 0 0 0 0 7 1 3 7 1 3 7 1
086020 086020 0 0 0 0 0 0 0 7 1 3 7 1 3 7 1
086086 086086 1 0 0 0 0 0 8 9 4 5 6 7 8 9 -1
086090 086090 0 0 0 3 7 1 3 7 1 3 7 1 3 7 1 8
089000 089999 0 0 0 0 0 0 0 7 1 3 7 1 3 7 1
090013 090013 0 0 0 3 7 1 3 7 1 3 7 1 3 7 1
090105 090105 0 0 0 3 7 1 3 7 1 3 7 1 3 7 1
090118 090118 1 0 0 6 5 4 3 2 7 6 5 4 3 2 1
090126 090129 0 0 0 3 7 1 3 7 1 3 7 1 3 7 1
090131 090136 1 0 0 0 0 0 9 8 7 6 5 4 3 2 1
090150 090156 1 0 0 0 0 0 9 8 7 6 5 4 3 2 1
090180 090185 0 0 0 3 7 1 3 7 1 3 7 1 3 7 1
090190 090196 0 0 0 3 7 1 3 7 1 3 7 1 3 7 1
090204 090204 0 0 0 3 7 1 3 7 1 3 7 1 3 7 1
090222 090222 0 0 0 3 7 1 3 7 1 3 7 1 3 7 1
090356 090356 1 0 0 0 0 0 9 8 7 6 5 4 3 2 1
090500 090599 0 0 0 3 7 1 3 7 1 3 7 1 3 7 1
090704 090704 0 0 0 3 7 1 3 7 1 3 7 1 3 7 1
090705 090705 0 0 0 3 7 1 3 7 1 3 7 1 3 7 1
090710 090710 0 0 0 3 7 1 3 7 1 3 7 1 3 7 1
090715 090715 0 0 0 3 7 1 3 7 1 3 7 1 3 7 1
090720 090726 1 0 0 0 0 0 9 8 7 6 5 4 3 2 1
090736 090739 0 0 0 3 7 1 3 7 1 3 7 1 3 7 1
090790 090790 0 0 0 3 7 1 3 7 1 3 7 1 3 7 1
091600 091600 0 0 0 0 0 0 1 7 1 3 7 1 3 7 1
091601 091601 0 0 0 3 7 1 3 7 1 3 7 1 3 7 1
091740 091743 0 0 0 0 0 0 1 7 1 3 7 1 3 7 1
091800 091809 0 0 0 0 0 0 1 7 1 3 7 1 3 7 1
091811 091865 0 0 0 0 0 0 1 7 1 3 7 1 3 7 1
100000 101099 1 0 0 0 0 0 0 8 7 6 5 4 3 2 1
101101 101498 1 0 0 0 0 0 0 8 7 6 5 4 3 2 1
101500 101999 1 0 0 0 0 0 0 8 7 6 5 4 3 2 1
102400 107999 1 0 0 0 0 0 0 8 7 6 5 4 3 2 1
108000 108079 1 0 0 0 0 0 3 2 7 6 5 4 3 2 1
108080 108099 1 0 0 0 0 4 3 2 7 6 5 4 3 2 1
108100 109999 1 0 0 0 0 0 0 8 7 6 5 4 3 2 1
110000 119280 2 0 0 2 1 2 1 2 1 2 1 2 1 2 1 1
119282 119283 2 0 0 2 1 2 1 2 1 2 1 2 1 2 1 1
119285 119999 2 0 0 2 1 2 1 2 1 2 1 2 1 2 1 1
120000 120961 1 0 0 1 8 2 6 3 7 9 5 8 4 2 1
120963 122009 1 0 0 1 8 2 6 3 7 9 5 8 4 2 1
122011 122101 1 0 0 1 8 2 6 3 7 9 5 8 4 2 1
122103 122129 1 0 0 1 8 2 6 3 7 9 5 8 4 2 1
122131 122135 1 0 0 1 8 2 6 3 7 9 5 8 4 2 1
122213 122299 1 0 0 1 8 2 6 3 7 9 5 8 4 2 1
122400 122999 1 0 0 1 8 2 6 3 7 9 5 8 4 2 1
124000 124999 1 0 0 1 8 2 6 3 7 9 5 8 4 2 1
133000 133999 1 0 0 0 0 0 10 7 8 4 6 3 5 2 1
134012 134020 1 0 0 0 7 5 9 8 4 6 3 5 2 0 0 4
134121 134121 1 0 0 0 1 0 0 8 4 6 3 5 2 0 0 4
150000 158000 1 4 3 0 0 0 0 2 7 6 5 4 3 2 1
159800 159800 1 0 0 0 0 0 0 7 6 5 4 3 2 1 0
159900 159900 1 0 0 0 0 0 0 7 6 5 4 3 2 1 0
159910 159910 1 0 0 0 0 0 0 7 6 5 4 3 2 1 0
160000 161027 1 0 0 6 5 4 3 2 7 6 5 4 3 2 1
161029 161029 1 0 0 0 0 0 0 2 7 6 5 4 3 2 1
161030 161041 1 0 0 6 5 4 3 2 7 6 5 4 3 2 1
161050 161050 1 0 0 6 5 4 3 2 7 6 5 4 3 2 1
161055 161055 1 0 0 6 5 4 3 2 7 6 5 4 3 2 1
161060 161060 1 0 0 6 5 4 3 2 7 6 5 4 3 2 1
161065 161065 1 0 0 6 5 4 3 2 7 6 5 4 3 2 1
161070 161070 1 0 0 6 5 4 3 2 7 6 5 4 3 2 1
161075 161075 1 0 0 6 5 4 3 2 7 6 5 4 3 2 1
161080 161080 1 0 0 6 5 4 3 2 7 6 5 4 3 2 1
161085 161085 1 0 0 6 5 4 3 2 7 6 5 4 3 2 1
161090 161090 1 0 0 6 5 4 3 2 7 6 5 4 3 2 1
161100 162028 1 0 0 6 5 4 3 2 7 6 5 4 3 2 1
162030 164300 1 0 0 6 5 4 3 2 7 6 5 4 3 2 1
165901 166001 1 0 0 6 5 4 3 2 7 6 5 4 3 2 1
166050 167600 1 0 0 6 5 4 3 2 7 6 5 4 3 2 1
168600 168600 1 0 0 0 0 0 0 2 7 6 5 4 3 2 1
180002 180002 1 0 0 0 0 0 0 8 7 6 5 4 3 2 1 14
180005 180005 1 0 0 0 0 0 0 8 7 6 5 4 3 2 1 14
180009 180009 1 0 0 0 0 0 0 8 7 6 5 4 3 2 1 14
180036 180036 1 0 0 0 0 0 0 8 7 6 5 4 3 2 1 14
180038 180038 1 0 0 0 0 0 0 8 7 6 5 4 3 2 1 14
180091 180092 1 0 0 0 0 0 0 8 7 6 5 4 3 2 1 14
180104 180104 1 0 0 0 0 0 0 8 7 6 5 4 3 2 1 14
180109 180110 1 0 0 0 0 0 0 8 7 6 5 4 3 2 1 14
180156 180156 1 0 0 0 0 0 0 8 7 6 5 4 3 2 1 14
185001 185001 1 0 0 0 0 0 0 8 7 6 5 4 3 2 1 14
185003 185025 1 0 0 0 0 0 0 0 7 6 5 4 3 2 1
185027 185099 1 0 0 0 0 0 0 0 7 6 5 4 3 2 1
200000 200002 1 0 0 0 0 0 0 0 7 6 5 4 3 2 1 6
200000 200002 2 2 1 2 1 2 1 2 1 2 1 2 1 2 1 6
200004 200004 1 0 0 0 0 0 0 0 7 6 5 4 3 2 1 6
200004 200004 2 2 1 2 1 2 1 2 1 2 1 2 1 2 1 6
200051 200077 1 0 0 0 0 0 0 0 7 6 5 4 3 2 1 6
200051 200077 2 2 1 2 1 2 1 2 1 2 1 2 1 2 1 6
200079 200097 1 0 0 0 0 0 0 0 7 6 5 4 3 2 1 6
200079 200097 2 2 1 2 1 2 1 2 1 2 1 2 1 2 1 6
200099 200156 1 0 0 0 0 0 0 0 7 6 5 4 3 2 1 6
200099 200156 2 2 1 2 1 2 1 2 1 2 1 2 1 2 1 6
200158 200387 1 0 0 0 0 0 0 0 7 6 5 4 3 2 1 6
200158 200387 2 2 1 2 1 2 1 2 1 2 1 2 1 2 1 6
200403 200405 1 0 0 0 0 0 0 0 7 6 5 4 3 2 1 6
200403 200405 2 2 1 2 1 2 1 2 1 2 1 2 1 2 1 6
200407 200407 1 0 0 0 0 0 0 0 7 6 5 4 3 2 1 6
200407 200407 2 2 1 2 1 2 1 2 1 2 1 2 1 2 1 6
200411 200412 1 0 0 0 0 0 0 0 7 6 5 4 3 2 1 6
200411 200412 2 2 1 2 1 2 1 2 1 2 1 2 1 2 1 6
200414 200423 1 0 0 0 0 0 0 0 7 6 5 4 3 2 1 6
200414 200423 2 2 1 2 1 2 1 2 1 2 1 2 1 2 1 6
200425 200899 1 0 0 0 0 0 0 0 7 6 5 4 3 2 1 6
200425 200899 2 2 1 2 1 2 1 2 1 2 1 2 1 2 1 6
200901 201159 1 0 0 0 0 0 0 0 7 6 5 4 3 2 1 6
200901 201159 2 2 1 2 1 2 1 2 1 2 1 2 1 2 1 6
201161 201177 1 0 0 0 0 0 0 0 7 6 5 4 3 2 1 6
201161 201177 2 2 1 2 1 2 1 2 1 2 1 2 1 2 1 6
201179 201351 1 0 0 0 0 0 0 0 7 6 5 4 3 2 1 6
201179 201351 2 2 1 2 1 2 1 2 1 2 1 2 1 2 1 6
201353 202698 1 0 0 0 0 0 0 0 7 6 5 4 3 2 1 6
201353 202698 2 2 1 2 1 2 1 2 1 2 1 2 1 2 1 6
202700 203239 1 0 0 0 0 0 0 0 7 6 5 4 3 2 1 6
202700 203239 2 2 1 2 1 2 1 2 1 2 1 2 1 2 1 6
203241 203255 1 0 0 0 0 0 0 0 7 6 5 4 3 2 1 6
203241 203255 2 2 1 2 1 2 1 2 1 2 1 2 1 2 1 6
203259 203519 1 0 0 0 0 0 0 0 7 6 5 4 3 2 1 6
203259 203519 2 2 1 2 1 2 1 2 1 2 1 2 1 2 1 6
203521 204476 1 0 0 0 0 0 0 0 7 6 5 4 3 2 1 6
203521 204476 2 2 1 2 1 2 1 2 1 2 1 2 1 2 1 6
204478 205475 1 0 0 0 0 0 0 0 7 6 5 4 3 2 1 6
204478 205475 2 2 1 2 1 2 1 2 1 2 1 2 1 2 1 6
205477 205954 1 0 0 0 0 0 0 0 7 6 5 4 3 2 1 6
205477 205954 2 2 1 2 1 2 1 2 1 2 1 2 1 2 1 6
205956 206124 1 0 0 0 0 0 0 0 7 6 5 4 3 2 1 6
205956 206124 2 2 1 2 1 2 1 2 1 2 1 2 1 2 1 6
206126 206157 1 0 0 0 0 0 0 0 7 6 5 4 3 2 1 6
206126 206157 2 2 1 2 1 2 1 2 1 2 1 2 1 2 1 6
206159 206390 1 0 0 0 0 0 0 0 7 6 5 4 3 2 1 6
206159 206390 2 2 1 2 1 2 1 2 1 2 1 2 1 2 1 6
206392 206799 1 0 0 0 0 0 0 0 7 6 5 4 3 2 1 6
206392 206799 2 2 1 2 1 2 1 2 1 2 1 2 1 2 1 6
206802 206874 1 0 0 0 0 0 0 0 7 6 5 4 3 2 1 6
206802 206874 2 2 1 2 1 2 1 2 1 2 1 2 1 2 1 6
206876 207170 1 0 0 0 0 0 0 0 7 6 5 4 3 2 1 6
206876 207170 2 2 1 2 1 2 1 2 1 2 1 2 1 2 1 6
207173 208092 1 0 0 0 0 0 0 0 7 6 5 4 3 2 1 6
207173 208092 2 2 1 2 1 2 1 2 1 2 1 2 1 2 1 6
208094 208721 1 0 0 0 0 0 0 0 7 6 5 4 3 2 1 6
208094 208721 2 2 1 2 1 2 1 2 1 2 1 2 1 2 1 6
208723 209034 1 0 0 0 0 0 0 0 7 6 5 4 3 2 1 6
208723 209034 2 2 1 2 1 2 1 2 1 2 1 2 1 2 1 6
209036 209128 1 0 0 0 0 0 0 0 7 6 5 4 3 2 1 6
209036 209128 2 2 1 2 1 2 1 2 1 2 1 2 1 2 1 6
209130 209999 1 0 0 0 0 0 0 0 7 6 5 4 3 2 1 6
209130 209999 2 2 1 2 1 2 1 2 1 2 1 2 1 2 1 6
230338 230338 1 0 0 0 0 0 0 0 7 6 5 4 3 2 1
230338 230338 2 2 1 2 1 2 1 2 1 2 1 2 1 2 1
230614 230614 1 0 0 0 0 0 0 0 7 6 5 4 3 2 1
230614 230614 2 2 1 2 1 2 1 2 1 2 1 2 1 2 1
230709 230709 1 0 0 0 0 0 0 0 7 6 5 4 3 2 1
230709 230709 2 2 1 2 1 2 1 2 1 2 1 2 1 2 1
230872 230872 1 0 0 0 0 0 0 0 7 6 5 4 3 2 1
230872 230872 2 2 1 2 1 2 1 2 1 2 1 2 1 2 1
230933 230933 1 0 0 0 0 0 0 0 7 6 5 4 3 2 1
230933 230933 2 2 1 2 1 2 1 2 1 2 1 2 1 2 1
231018 231018 1 0 0 0 0 0 0 0 7 6 5 4 3 2 1
231018 231018 2 2 1 2 1 2 1 2 1 2 1 2 1 2 1
231213 231213 1 0 0 0 0 0 0 0 7 6 5 4 3 2 1
231213 231213 2 2 1 2 1 2 1 2 1 2 1 2 1 2 1
231354 231354 1 0 0 0 0 0 0 0 7 6 5 4 3 2 1
231354 231354 2 2 1 2 1 2 1 2 1 2 1 2 1 2 1
231469 231469 1 0 0 0 0 0 0 0 7 6 5 4 3 2 1
231469 231469 2 2 1 2 1 2 1 2 1 2 1 2 1 2 1
231558 231558 1 0 0 0 0 0 0 0 7 6 5 4 3 2 1
231558 231558 2 2 1 2 1 2 1 2 1 2 1 2 1 2 1
231679 231679 1 0 0 0 0 0 0 0 7 6 5 4 3 2 1
231679 231679 2 2 1 2 1 2 1 2 1 2 1 2 1 2 1
231843 231843 1 0 0 0 0 0 0 0 7 6 5 4 3 2 1
231843 231843 2 2 1 2 1 2 1 2 1 2 1 2 1 2 1
231985 231985 1 0 0 0 0 0 0 0 7 6 5 4 3 2 1
231985 231985 2 2 1 2 1 2 1 2 1 2 1 2 1 2 1
232130 232130 1 0 0 0 0 0 0 0 7 6 5 4 3 2 1
232130 232130 2 2 1 2 1 2 1 2 1 2 1 2 1 2 1
232279 232279 1 0 0 0 0 0 0 0 7 6 5 4 3 2 1
232279 232279 2 2 1 2 1 2 1 2 1 2 1 2 1 2 1
232445 232445 1 0 0 0 0 0 0 0 7 6 5 4 3 2 1
232445 232445 2 2 1 2 1 2 1 2 1 2 1 2 1 2 1
232571 232571 1 0 0 0 0 0 0 0 7 6 5 4 3 2 1
232571 232571 2 2 1 2 1 2 1 2 1 2 1 2 1 2 1
232636 232636 1 0 0 0 0 0 0 0 7 6 5 4 3 2 1
232636 232636 2 2 1 2 1 2 1 2 1 2 1 2 1 2 1
232725 232725 1 0 0 0 0 0 0 0 7 6 5 4 3 2 1
232725 232725 2 2 1 2 1 2 1 2 1 2 1 2 1 2 1
232813 232813 1 0 0 0 0 0 0 0 7 6 5 4 3 2 1
232813 232813 2 2 1 2 1 2 1 2 1 2 1 2 1 2 1
232939 232939 1 0 0 0 0 0 0 0 7 6 5 4 3 2 1
232939 232939 2 2 1 2 1 2 1 2 1 2 1 2 1 2 1
233080 233080 1 0 0 0 0 0 0 0 7 6 5 4 3 2 1
233080 233080 2 2 1 2 1 2 1 2 1 2 1 2 1 2 1
233171 233171 1 0 0 0 0 0 0 0 7 6 5 4 3 2 1
233171 233171 2 2 1 2 1 2 1 2 1 2 1 2 1 2 1
233188 233188 1 0 0 0 0 0 0 0 7 6 5 4 3 2 1
233188 233188 2 2 1 2 1 2 1 2 1 2 1 2 1 2 1
233231 233231 1 0 0 0 0 0 0 0 7 6 5 4 3 2 1
233231 233231 2 2 1 2 1 2 1 2 1 2 1 2 1 2 1
233344 233344 1 0 0 0 0 0 0 0 7 6 5 4 3 2 1
233344 233344 2 2 1 2 1 2 1 2 1 2 1 2 1 2 1
233438 233438 1 0 0 0 0 0 0 0 7 6 5 4 3 2 1
233438 233438 2 2 1 2 1 2 1 2 1 2 1 2 1 2 1
233483 233483 1 0 0 0 0 0 0 2 7 6 5 4 3 2 1
233556 233556 1 0 0 0 0 0 0 0 7 6 5 4 3 2 1
233556 233556 2 2 1 2 1 2 1 2 1 2 1 2 1 2 1
233693 233693 1 0 0 0 0 0 0 0 7 6 5 4 3 2 1
233693 233693 2 2 1 2 1 2 1 2 1 2 1 2 1 2 1
233752 233752 1 0 0 0 0 0 0 0 7 6 5 4 3 2 1
233752 233752 2 2 1 2 1 2 1 2 1 2 1 2 1 2 1
234081 234081 1 0 0 0 0 0 0 0 7 6 5 4 3 2 1
234081 234081 2 2 1 2 1 2 1 2 1 2 1 2 1 2 1
234193 234193 1 0 0 0 0 0 0 0 7 6 5 4 3 2 1
234193 234193 2 2 1 2 1 2 1 2 1 2 1 2 1 2 1
234252 234252 1 0 0 0 0 0 0 0 7 6 5 4 3 2 1
234252 234252 2 2 1 2 1 2 1 2 1 2 1 2 1 2 1
234377 234377 1 0 0 0 0 0 0 0 7 6 5 4 3 2 1
234377 234377 2 2 1 2 1 2 1 2 1 2 1 2 1 2 1
234570 234570 1 0 0 0 0 0 0 0 7 6 5 4 3 2 1
234570 234570 2 2 1 2 1 2 1 2 1 2 1 2 1 2 1
234666 234666 1 0 0 0 0 0 0 0 7 6 5 4 3 2 1
234666 234666 2 2 1 2 1 2 1 2 1 2 1 2 1 2 1
234779 234779 1 0 0 0 0 0 0 0 7 6 5 4 3 2 1
234779 234779 2 2 1 2 1 2 1 2 1 2 1 2 1 2 1
234828 234828 1 0 0 0 0 0 0 0 7 6 5 4 3 2 1
234828 234828 2 2 1 2 1 2 1 2 1 2 1 2 1 2 1
234985 234985 1 0 0 0 0 0 0 0 7 6 5 4 3 2 1
234985 234985 2 2 1 2 1 2 1 2 1 2 1 2 1 2 1
235054 235054 1 0 0 0 0 0 0 0 7 6 5 4 3 2 1
235054 235054 2 2 1 2 1 2 1 2 1 2 1 2 1 2 1
235164 235164 1 0 0 0 0 0 0 0 7 6 5 4 3 2 1
235164 235164 2 2 1 2 1 2 1 2 1 2 1 2 1 2 1
235262 235262 1 0 0 0 0 0 0 0 7 6 5 4 3 2 1
235262 235262 2 2 1 2 1 2 1 2 1 2 1 2 1 2 1
235323 235323 1 0 0 0 0 0 0 0 7 6 5 4 3 2 1
235323 235323 2 2 1 2 1 2 1 2 1 2 1 2 1 2 1
235451 235451 1 0 0 0 0 0 0 2 7 6 5 4 3 2 1
235459 235459 1 0 0 0 0 0 0 0 7 6 5 4 3 2 1
235459 235459 2 2 1 2 1 2 1 2 1 2 1 2 1 2 1
235519 235519 1 0 0 0 0 0 0 0 7 6 5 4 3 2 1
235519 235519 2 2 1 2 1 2 1 2 1 2 1 2 1 2 1
235676 235676 1 0 0 0 0 0 0 0 7 6 5 4 3 2 1
235676 235676 2 2 1 2 1 2 1 2 1 2 1 2 1 2 1
235756 235756 1 0 0 0 0 0 0 0 7 6 5 4 3 2 1
235756 235756 2 2 1 2 1 2 1 2 1 2 1 2 1 2 1
235945 235945 1 0 0 0 0 0 0 0 7 6 5 4 3 2 1
235945 235945 2 2 1 2 1 2 1 2 1 2 1 2 1 2 1
236006 236006 1 0 0 0 0 0 0 0 7 6 5 4 3 2 1
236006 236006 2 2 1 2 1 2 1 2 1 2 1 2 1 2 1
236119 236119 1 0 0 0 0 0 0 0 7 6 5 4 3 2 1
236119 236119 2 2 1 2 1 2 1 2 1 2 1 2 1 2 1
236233 236233 1 0 0 0 0 0 0 0 7 6 5 4 3 2 1
236233 236233 2 2 1 2 1 2 1 2 1 2 1 2 1 2 1
236422 236422 1 0 0 0 0 0 0 0 7 6 5 4 3 2 1
236422 236422 2 2 1 2 1 2 1 2 1 2 1 2 1 2 1
236527 236527 1 0 0 0 0 0 0 0 7 6 5 4 3 2 1
236527 236527 2 2 1 2 1 2 1 2 1 2 1 2 1 2 1
236643 236643 1 0 0 0 0 0 0 0 7 6 5 4 3 2 1
236643 236643 2 2 1 2 1 2 1 2 1 2 1 2 1 2 1
236761 236761 1 0 0 0 0 0 0 0 7 6 5 4 3 2 1
236761 236761 2 2 1 2 1 2 1 2 1 2 1 2 1 2 1
236907 236907 1 0 0 0 0 0 0 0 7 6 5 4 3 2 1
236907 236907 2 2 1 2 1 2 1 2 1 2 1 2 1 2 1
237130 237130 1 0 0 0 0 0 0 0 7 6 5 4 3 2 1
237130 237130 2 2 1 2 1 2 1 2 1 2 1 2 1 2 1
237265 237265 1 0 0 0 0 0 0 0 7 6 5 4 3 2 1
237265 237265 2 2 1 2 1 2 1 2 1 2 1 2 1 2 1
237355 237355 1 0 0 0 0 0 0 0 7 6 5 4 3 2 1
237355 237355 2 2 1 2 1 2 1 2 1 2 1 2 1 2 1
237427 237427 1 0 0 0 0 0 0 0 7 6 5 4 3 2 1
237427 237427 2 2 1 2 1 2 1 2 1 2 1 2 1 2 1
237563 237563 1 0 0 0 0 0 0 0 7 6 5 4 3 2 1
237563 237563 2 2 1 2 1 2 1 2 1 2 1 2 1 2 1
237622 237622 1 0 0 0 0 0 0 0 7 6 5 4 3 2 1
237622 237622 2 2 1 2 1 2 1 2 1 2 1 2 1 2 1
237728 237728 1 0 0 0 0 0 0 0 7 6 5 4 3 2 1
237728 237728 2 2 1 2 1 2 1 2 1 2 1 2 1 2 1
237873 237873 1 0 0 0 0 0 0 0 7 6 5 4 3 2 1
237873 237873 2 2 1 2 1 2 1 2 1 2 1 2 1 2 1
238043 238043 1 0 0 0 0 0 0 0 7 6 5 4 3 2 1
238043 238043 2 2 1 2 1 2 1 2 1 2 1 2 1 2 1
238051 238051 1 0 0 0 0 0 0 0 7 6 5 4 3 2 1
238051 238051 2 2 1 2 1 2 1 2 1 2 1 2 1 2 1
238175 238175 1 0 0 0 0 0 0 0 7 6 5 4 3 2 1
238175 238175 2 2 1 2 1 2 1 2 1 2 1 2 1 2 1
238257 238257 1 0 0 0 0 0 0 0 7 6 5 4 3 2 1
238257 238257 2 2 1 2 1 2 1 2 1 2 1 2 1 2 1
238392 238431 1 7 6 5 4 3 2 7 6 5 4 3 2 1 0
238392 238431 2 2 1 2 1 2 1 2 1 2 1 2 1 2 1
238432 238432 1 0 0 0 0 0 0 0 7 6 5 4 3 2 1
238432 238432 2 2 1 2 1 2 1 2 1 2 1 2 1 2 1
238433 238583 1 7 6 5 4 3 2 7 6 5 4 3 2 1 0
238433 238583 2 2 1 2 1 2 1 2 1 2 1 2 1 2 1
238585 238590 1 7 6 5 4 3 2 7 6 5 4 3 2 1 0
238585 238590 2 2 1 2 1 2 1 2 1 2 1 2 1 2 1
238599 238599 1 0 0 0 0 0 0 0 7 6 5 4 3 2 1
238599 238599 2 2 1 2 1 2 1 2 1 2 1 2 1 2 1
238613 238613 1 0 0 0 0 0 0 0 7 6 5 4 3 2 1
238613 238613 2 2 1 2 1 2 1 2 1 2 1 2 1 2 1
238672 238672 1 0 0 0 0 0 0 0 7 6 5 4 3 2 1
238672 238672 2 2 1 2 1 2 1 2 1 2 1 2 1 2 1
238717 238717 1 0 0 0 0 0 0 0 7 6 5 4 3 2 1
238717 238717 2 2 1 2 1 2 1 2 1 2 1 2 1 2 1
238890 238899 1 0 0 0 0 4 3 2 7 6 5 4 3 2 1
238908 238908 1 0 0 0 0 0 0 0 7 6 5 4 3 2 1
238908 238908 2 2 1 2 1 2 1 2 1 2 1 2 1 2 1
239071 239071 1 0 0 0 0 0 0 0 7 6 5 4 3 2 1
239071 239071 2 2 1 2 1 2 1 2 1 2 1 2 1 2 1
239126 239126 1 0 0 0 0 0 0 0 7 6 5 4 3 2 1
239126 239126 2 2 1 2 1 2 1 2 1 2 1 2 1 2 1
239136 239140 1 7 6 5 4 3 2 7 6 5 4 3 2 1 0
239136 239140 2 2 1 2 1 2 1 2 1 2 1 2 1 2 1
239143 239144 1 7 6 5 4 3 2 7 6 5 4 3 2 1 0
239143 239144 2 2 1 2 1 2 1 2 1 2 1 2 1 2 1
239282 239283 1 7 6 5 4 3 2 7 6 5 4 3 2 1 0
239282 239283 2 2 1 2 1 2 1 2 1 2 1 2 1 2 1
239285 239294 1 7 6 5 4 3 2 7 6 5 4 3 2 1 0
239285 239294 2 2 1 2 1 2 1 2 1 2 1 2 1 2 1
239295 239295 1 0 0 0 0 0 0 0 7 6 5 4 3 2 1
239295 239295 2 2 1 2 1 2 1 2 1 2 1 2 1 2 1
239296 239318 1 7 6 5 4 3 2 7 6 5 4 3 2 1 0
239296 239318 2 2 1 2 1 2 1 2 1 2 1 2 1 2 1
239380 239380 1 0 0 0 0 0 0 0 7 6 5 4 3 2 1
239380 239380 2 2 1 2 1 2 1 2 1 2 1 2 1 2 1
239435 239435 1 0 0 0 0 0 0 0 7 6 5 4 3 2 1
239435 239435 2 2 1 2 1 2 1 2 1 2 1 2 1 2 1
239525 239525 1 0 0 0 0 0 0 0 7 6 5 4 3 2 1
239525 239525 2 2 1 2 1 2 1 2 1 2 1 2 1 2 1
239642 239642 1 0 0 0 0 0 0 0 7 6 5 4 3 2 1
239642 239642 2 2 1 2 1 2 1 2 1 2 1 2 1 2 1
239751 239751 1 0 0 0 0 0 0 0 7 6 5 4 3 2 1
239751 239751 2 2 1 2 1 2 1 2 1 2 1 2 1 2 1
300000 300006 1 0 0 3 2 9 8 5 7 6 5 4 3 2 1 2
300000 300006 1 0 0 3 2 9 8 1 7 6 5 4 3 2 1 9
300008 300009 1 0 0 3 2 9 8 5 7 6 5 4 3 2 1 2
300008 300009 1 0 0 3 2 9 8 1 7 6 5 4 3 2 1 9
300050 300051 1 0 0 0 0 0 0 128 64 32 16 8 4 2 1
300134 300138 1 0 0 3 2 9 8 5 7 6 5 4 3 2 1 2
300134 300138 1 0 0 3 2 9 8 1 7 6 5 4 3 2 1 9
300161 300161 1 0 0 3 2 9 8 5 7 6 5 4 3 2 1 2
300161 300161 1 0 0 3 2 9 8 1 7 6 5 4 3 2 1 9
300176 300176 1 0 0 3 2 9 8 5 7 6 5 4 3 2 1 2
300176 300176 1 0 0 3 2 9 8 1 7 6 5 4 3 2 1 9
301001 301001 1 0 0 3 2 9 8 5 7 6 5 4 3 2 1 2
301001 301001 1 0 0 3 2 9 8 1 7 6 5 4 3 2 1 9
301004 301004 1 0 0 3 2 9 8 5 7 6 5 4 3 2 1 2
301004 301004 1 0 0 3 2 9 8 1 7 6 5 4 3 2 1 9
301007 301007 1 0 0 3 2 9 8 5 7 6 5 4 3 2 1 2
301007 301007 1 0 0 3 2 9 8 1 7 6 5 4 3 2 1 9
301012 301012 1 0 0 3 2 9 8 5 7 6 5 4 3 2 1 2
301012 301012 1 0 0 3 2 9 8 1 7 6 5 4 3 2 1 9
301022 301022 1 0 0 0 0 0 0 128 64 32 16 8 4 2 1
301027 301027 1 0 0 0 0 0 0 128 64 32 16 8 4 2 1
301047 301047 1 0 0 3 2 9 8 5 7 6 5 4 3 2 1 2
301047 301047 1 0 0 3 2 9 8 1 7 6 5 4 3 2 1 9
301049 301049 1 0 0 3 2 9 8 5 7 6 5 4 3 2 1 2
301049 301049 1 0 0 3 2 9 8 1 7 6 5 4 3 2 1 9
301052 301052 1 0 0 3 2 9 8 5 7 6 5 4 3 2 1 2
301052 301052 1 0 0 3 2 9 8 1 7 6 5 4 3 2 1 9
301075 301076 1 0 0 3 2 9 8 5 7 6 5 4 3 2 1 2
301075 301076 1 0 0 3 2 9 8 1 7 6 5 4 3 2 1 9
301108 301108 1 0 0 3 2 9 8 5 7 6 5 4 3 2 1 2
301108 301108 1 0 0 3 2 9 8 1 7 6 5 4 3 2 1 9
301112 301112 1 0 0 3 2 9 8 5 7 6 5 4 3 2 1 2
301112 301112 1 0 0 3 2 9 8 1 7 6 5 4 3 2 1 9
301127 301127 1 0 0 3 2 9 8 5 7 6 5 4 3 2 1 2
301127 301127 1 0 0 3 2 9 8 1 7 6 5 4 3 2 1 9
301137 301137 1 0 0 0 0 0 0 128 64 32 16 8 4 2 1
301142 301142 1 0 0 0 0 0 0 128 64 32 16 8 4 2 1
301148 301148 1 0 0 3 2 9 8 5 7 6 5 4 3 2 1 2
301148 301148 1 0 0 3 2 9 8 1 7 6 5 4 3 2 1 9
301154 301155 1 0 0 0 0 0 0 128 64 32 16 8 4 2 1
301161 301161 1 0 0 3 2 9 8 5 7 6 5 4 3 2 1 2
301161 301161 1 0 0 3 2 9 8 1 7 6 5 4 3 2 1 9
301166 301166 1 0 0 0 0 0 0 128 64 32 16 8 4 2 1
301170 301170 1 0 0 0 0 0 0 128 64 32 16 8 4 2 1
301174 301175 1 0 0 3 2 9 8 5 7 6 5 4 3 2 1 2
301174 301175 1 0 0 3 2 9 8 1 7 6 5 4 3 2 1 9
301191 301191 1 0 0 3 2 9 8 5 7 6 5 4 3 2 1 2
301191 301191 1 0 0 3 2 9 8 1 7 6 5 4 3 2 1 9
301194 301195 1 0 0 3 2 9 8 5 7 6 5 4 3 2 1 2
301194 301195 1 0 0 3 2 9 8 1 7 6 5 4 3 2 1 9
301204 301205 1 0 0 3 2 9 8 5 7 6 5 4 3 2 1 2
301204 301205 1 0 0 3 2 9 8 1 7 6 5 4 3 2 1 9
301209 301210 1 0 0 3 2 9 8 5 7 6 5 4 3 2 1 2
301209 301210 1 0 0 3 2 9 8 1 7 6 5 4 3 2 1 9
301215 301215 1 0 0 3 2 9 8 5 7 6 5 4 3 2 1 2
301215 301215 1 0 0 3 2 9 8 1 7 6 5 4 3 2 1 9
301218 301218 1 0 0 3 2 9 8 5 7 6 5 4 3 2 1 2
301218 301218 1 0 0 3 2 9 8 1 7 6 5 4 3 2 1 9
301220 301221 1 0 0 3 2 9 8 5 7 6 5 4 3 2 1 2
301220 301221 1 0 0 3 2 9 8 1 7 6 5 4 3 2 1 9
301234 301234 1 0 0 3 2 9 8 5 7 6 5 4 3 2 1 2
301234 301234 1 0 0 3 2 9 8 1 7 6 5 4 3 2 1 9
301251 301251 1 0 0 3 2 9 8 5 7 6 5 4 3 2 1 2
301251 301251 1 0 0 3 2 9 8 1 7 6 5 4 3 2 1 9
301259 301259 1 0 0 3 2 9 8 5 7 6 5 4 3 2 1 2
301259 301259 1 0 0 3 2 9 8 1 7 6 5 4 3 2 1 9
301274 301274 1 0 0 3 2 9 8 5 7 6 5 4 3 2 1 2
301274 301274 1 0 0 3 2 9 8 1 7 6 5 4 3 2 1 9
301280 301280 1 0 0 3 2 9 8 5 7 6 5 4 3 2 1 2
301280 301280 1 0 0 3 2 9 8 1 7 6 5 4 3 2 1 9
301286 301286 1 0 0 3 2 9 8 5 7 6 5 4 3 2 1 2
301286 301286 1 0 0 3 2 9 8 1 7 6 5 4 3 2 1 9
301295 301296 1 0 0 3 2 9 8 5 7 6 5 4 3 2 1 2
301295 301296 1 0 0 3 2 9 8 1 7 6 5 4 3 2 1 9
301299 301299 1 0 0 3 2 9 8 5 7 6 5 4 3 2 1 2
301299 301299 1 0 0 3 2 9 8 1 7 6 5 4 3 2 1 9
301301 301301 1 0 0 3 2 9 8 5 7 6 5 4 3 2 1 2
301301 301301 1 0 0 3 2 9 8 1 7 6 5 4 3 2 1 9
301305 301305 1 0 0 3 2 9 8 5 7 6 5 4 3 2 1 2
301305 301305 1 0 0 3 2 9 8 1 7 6 5 4 3 2 1 9
301318 301318 1 0 0 3 2 9 8 5 7 6 5 4 3 2 1 2
301318 301318 1 0 0 3 2 9 8 1 7 6 5 4 3 2 1 9
301330 301330 1 0 0 3 2 9 8 5 7 6 5 4 3 2 1 2
301330 301330 1 0 0 3 2 9 8 1 7 6 5 4 3 2 1 9
301332 301332 1 0 0 3 2 9 8 5 7 6 5 4 3 2 1 2
301332 301332 1 0 0 3 2 9 8 1 7 6 5 4 3 2 1 9
301335 301335 1 0 0 3 2 9 8 5 7 6 5 4 3 2 1 2
301335 301335 1 0 0 3 2 9 8 1 7 6 5 4 3 2 1 9
301342 301342 1 0 0 3 2 9 8 5 7 6 5 4 3 2 1 2
301342 301342 1 0 0 3 2 9 8 1 7 6 5 4 3 2 1 9
301350 301355 1 0 0 3 2 9 8 5 7 6 5 4 3 2 1 2
301350 301355 1 0 0 3 2 9 8 1 7 6 5 4 3 2 1 9
301364 301364 1 0 0 3 2 9 8 5 7 6 5 4 3 2 1 2
301364 301364 1 0 0 3 2 9 8 1 7 6 5 4 3 2 1 9
301368 301368 1 0 0 3 2 9 8 5 7 6 5 4 3 2 1 2
301368 301368 1 0 0 3 2 9 8 1 7 6 5 4 3 2 1 9
301376 301376 1 0 0 3 2 9 8 5 7 6 5 4 3 2 1 2
301376 301376 1 0 0 3 2 9 8 1 7 6 5 4 3 2 1 9
301380 301380 1 0 0 3 2 9 8 5 7 6 5 4 3 2 1 2
301380 301380 1 0 0 3 2 9 8 1 7 6 5 4 3 2 1 9
301388 301388 1 0 0 3 2 9 8 5 7 6 5 4 3 2 1 2
301388 301388 1 0 0 3 2 9 8 1 7 6 5 4 3 2 1 9
301390 301390 1 0 0 3 2 9 8 5 7 6 5 4 3 2 1 2
301390 301390 1 0 0 3 2 9 8 1 7 6 5 4 3 2 1 9
301395 301395 1 0 0 3 2 9 8 5 7 6 5 4 3 2 1 2
301395 301395 1 0 0 3 2 9 8 1 7 6 5 4 3 2 1 9
301400 301400 1 0 0 3 2 9 8 5 7 6 5 4 3 2 1 2
301400 301400 1 0 0 3 2 9 8 1 7 6 5 4 3 2 1 9
301424 301424 1 0 0 3 2 9 8 5 7 6 5 4 3 2 1 2
301424 301424 1 0 0 3 2 9 8 1 7 6 5 4 3 2 1 9
301432 301432 1 0 0 3 2 9 8 5 7 6 5 4 3 2 1 2
301432 301432 1 0 0 3 2 9 8 1 7 6 5 4 3 2 1 9
301433 301433 1 0 0 0 0 0 0 128 64 32 16 8 4 2 1
301435 301435 1 0 0 0 0 0 0 128 64 32 16 8 4 2 1
301437 301437 1 0 0 3 2 9 8 5 7 6 5 4 3 2 1 2
301437 301437 1 0 0 3 2 9 8 1 7 6 5 4 3 2 1 9
301439 301439 1 0 0 0 0 0 0 128 64 32 16 8 4 2 1
301440 301440 1 0 0 3 2 9 8 5 7 6 5 4 3 2 1 2
301440 301440 1 0 0 3 2 9 8 1 7 6 5 4 3 2 1 9
301443 301443 1 0 0 0 0 0 0 128 64 32 16 8 4 2 1
301444 301444 1 0 0 3 2 9 8 5 7 6 5 4 3 2 1 2
301444 301444 1 0 0 3 2 9 8 1 7 6 5 4 3 2 1 9
301447 301447 1 0 0 3 2 9 8 5 7 6 5 4 3 2 1 2
301447 301447 1 0 0 3 2 9 8 1 7 6 5 4 3 2 1 9
301451 301451 1 0 0 3 2 9 8 5 7 6 5 4 3 2 1 2
301451 301451 1 0 0 3 2 9 8 1 7 6 5 4 3 2 1 9
301456 301456 1 0 0 3 2 9 8 5 7 6 5 4 3 2 1 2
301456 301456 1 0 0 3 2 9 8 1 7 6 5 4 3 2 1 9
301458 301458 1 0 0 0 0 0 0 128 64 32 16 8 4 2 1
301460 301460 1 0 0 3 2 9 8 5 7 6 5 4 3 2 1 2
301460 301460 1 0 0 3 2 9 8 1 7 6 5 4 3 2 1 9
301463 301463 1 0 0 0 0 0 0 128 64 32 16 8 4 2 1
301464 301464 1 0 0 3 2 9 8 5 7 6 5 4 3 2 1 2
301464 301464 1 0 0 3 2 9 8 1 7 6 5 4 3 2 1 9
301466 301466 1 0 0 0 0 0 0 128 64 32 16 8 4 2 1
301469 301469 1 0 0 3 2 9 8 5 7 6 5 4 3 2 1 2
301469 301469 1 0 0 3 2 9 8 1 7 6 5 4 3 2 1 9
301471 301471 1 0 0 3 2 9 8 5 7 6 5 4 3 2 1 2
301471 301471 1 0 0 3 2 9 8 1 7 6 5 4 3 2 1 9
301474 301474 1 0 0 0 0 0 0 128 64 32 16 8 4 2 1
301477 301477 1 0 0 3 2 9 8 5 7 6 5 4 3 2 1 2
301477 301477 1 0 0 3 2 9 8 1 7 6 5 4 3 2 1 9
301482 301482 1 0 0 0 0 0 0 128 64 32 16 8 4 2 1
301483 301483 1 0 0 3 2 9 8 5 7 6 5 4 3 2 1 2
301483 301483 1 0 0 3 2 9 8 1 7 6 5 4 3 2 1 9
301485 301485 1 0 0 0 0 0 0 128 64 32 16 8 4 2 1
301487 301487 1 0 0 0 0 0 0 128 64 32 16 8 4 2 1
301504 301504 1 0 0 3 2 9 8 5 7 6 5 4 3 2 1 2
301504 301504 1 0 0 3 2 9 8 1 7 6 5 4 3 2 1 9
301510 301510 1 0 0 0 0 0 0 128 64 32 16 8 4 2 1
301514 301514 1 0 0 0 0 0 0 128 64 32 16 8 4 2 1
301517 301517 1 0 0 0 0 0 0 128 64 32 16 8 4 2 1
301525 301525 1 0 0 0 0 0 0 128 64 32 16 8 4 2 1
301539 301539 1 0 0 3 2 9 8 5 7 6 5 4 3 2 1 2
301539 301539 1 0 0 3 2 9 8 1 7 6 5 4 3 2 1 9
301542 301542 1 0 0 3 2 9 8 5 7 6 5 4 3 2 1 2
301542 301542 1 0 0 3 2 9 8 1 7 6 5 4 3 2 1 9
301552 301553 1 0 0 3 2 9 8 5 7 6 5 4 3 2 1 2
301552 301553 1 0 0 3 2 9 8 1 7 6 5 4 3 2 1 9
301557 301557 1 0 0 3 2 9 8 5 7 6 5 4 3 2 1 2
301557 301557 1 0 0 3 2 9 8 1 7 6 5 4 3 2 1 9
301573 301573 1 0 0 0 0 0 0 128 64 32 16 8 4 2 1
301593 301593 1 0 0 3 2 9 8 5 7 6 5 4 3 2 1 2
301593 301593 1 0 0 3 2 9 8 1 7 6 5 4 3 2 1 9
301595 301595 1 0 0 3 2 9 8 5 7 6 5 4 3 2 1 2
301595 301595 1 0 0 3 2 9 8 1 7 6 5 4 3 2 1 9
301597 301597 1 0 0 3 2 9 8 5 7 6 5 4 3 2 1 2
301597 301597 1 0 0 3 2 9 8 1 7 6 5 4 3 2 1 9
301599 301599 1 0 0 3 2 9 8 5 7 6 5 4 3 2 1 2
301599 301599 1 0 0 3 2 9 8 1 7 6 5 4 3 2 1 9
301607 301607 1 0 0 0 0 0 0 128 64 32 16 8 4 2 1
301609 301609 1 0 0 3 2 9 8 5 7 6 5 4 3 2 1 2
301609 301609 1 0 0 3 2 9 8 1 7 6 5 4 3 2 1 9
301611 301611 1 0 0 3 2 9 8 5 7 6 5 4 3 2 1 2
301611 301611 1 0 0 3 2 9 8 1 7 6 5 4 3 2 1 9
301620 301620 1 0 0 3 2 9 8 5 7 6 5 4 3 2 1 2
301620 301620 1 0 0 3 2 9 8 1 7 6 5 4 3 2 1 9
301628 301628 1 0 0 3 2 9 8 5 7 6 5 4 3 2 1 2
301628 301628 1 0 0 3 2 9 8 1 7 6 5 4 3 2 1 9
301634 301634 1 0 0 3 2 9 8 5 7 6 5 4 3 2 1 2
301634 301634 1 0 0 3 2 9 8 1 7 6 5 4 3 2 1 9
301641 301642 1 0 0 3 2 9 8 5 7 6 5 4 3 2 1 2
301641 301642 1 0 0 3 2 9 8 1 7 6 5 4 3 2 1 9
301653 301653 1 0 0 3 2 9 8 5 7 6 5 4 3 2 1 2
301653 301653 1 0 0 3 2 9 8 1 7 6 5 4 3 2 1 9
301657 301657 1 0 0 0 0 0 0 128 64 32 16 8 4 2 1
301662 301662 1 0 0 3 2 9 8 5 7 6 5 4 3 2 1 2
301662 301662 1 0 0 3 2 9 8 1 7 6 5 4 3 2 1 9
301664 301664 1 0 0 3 2 9 8 5 7 6 5 4 3 2 1 2
301664 301664 1 0 0 3 2 9 8 1 7 6 5 4 3 2 1 9
301670 301670 1 0 0 3 2 9 8 5 7 6 5 4 3 2 1 2
301670 301670 1 0 0 3 2 9 8 1 7 6 5 4 3 2 1 9
301674 301674 1 0 0 3 2 9 8 5 7 6 5 4 3 2 1 2
301674 301674 1 0 0 3 2 9 8 1 7 6 5 4 3 2 1 9
301684 301684 1 0 0 3 2 9 8 5 7 6 5 4 3 2 1 2
301684 301684 1 0 0 3 2 9 8 1 7 6 5 4 3 2 1 9
301695 301696 1 0 0 3 2 9 8 5 7 6 5 4 3 2 1 2
301695 301696 1 0 0 3 2 9 8 1 7 6 5 4 3 2 1 9
301700 301702 1 0 0 3 2 9 8 5 7 6 5 4 3 2 1 2
301700 301702 1 0 0 3 2 9 8 1 7 6 5 4 3 2 1 9
301705 301705 1 0 0 0 0 0 0 128 64 32 16 8 4 2 1
301712 301712 1 0 0 3 2 9 8 5 7 6 5 4 3 2 1 2
301712 301712 1 0 0 3 2 9 8 1 7 6 5 4 3 2 1 9
301716 301716 1 0 0 3 2 9 8 5 7 6 5 4 3 2 1 2
301716 301716 1 0 0 3 2 9 8 1 7 6 5 4 3 2 1 9
301748 301748 1 0 0 3 2 9 8 5 7 6 5 4 3 2 1 2
301748 301748 1 0 0 3 2 9 8 1 7 6 5 4 3 2 1 9
301773 301773 1 0 0 3 2 9 8 5 7 6 5 4 3 2 1 2
301773 301773 1 0 0 3 2 9 8 1 7 6 5 4 3 2 1 9
301777 301777 1 0 0 3 2 9 8 5 7 6 5 4 3 2 1 2
301777 301777 1 0 0 3 2 9 8 1 7 6 5 4 3 2 1 9
301780 301780 1 0 0 3 2 9 8 5 7 6 5 4 3 2 1 2
301780 301780 1 0 0 3 2 9 8 1 7 6 5 4 3 2 1 9
301785 301785 1 0 0 3 2 9 8 5 7 6 5 4 3 2 1 2
301785 301785 1 0 0 3 2 9 8 1 7 6 5 4 3 2 1 9
301803 301803 1 0 0 3 2 9 8 5 7 6 5 4 3 2 1 2
301803 301803 1 0 0 3 2 9 8 1 7 6 5 4 3 2 1 9
301805 301805 1 0 0 3 2 9 8 5 7 6 5 4 3 2 1 2
301805 301805 1 0 0 3 2 9 8 1 7 6 5 4 3 2 1 9
301806 301806 1 0 0 3 2 9 8 5 7 6 5 4 3 2 1 2
301806 301806 1 0 0 3 2 9 8 1 7 6 5 4 3 2 1 9
301816 301816 1 0 0 3 2 9 8 5 7 6 5 4 3 2 1 2
301816 301816 1 0 0 3 2 9 8 1 7 6 5 4 3 2 1 9
301825 301825 1 0 0 3 2 9 8 5 7 6 5 4 3 2 1 2
301825 301825 1 0 0 3 2 9 8 1 7 6 5 4 3 2 1 9
301830 301830 1 0 0 3 2 9 8 5 7 6 5 4 3 2 1 2
301830 301830 1 0 0 3 2 9 8 1 7 6 5 4 3 2 1 9
301834 301834 1 0 0 3 2 9 8 5 7 6 5 4 3 2 1 2
301834 301834 1 0 0 3 2 9 8 1 7 6 5 4 3 2 1 9
301843 301843 1 0 0 3 2 9 8 5 7 6 5 4 3 2 1 2
301843 301843 1 0 0 3 2 9 8 1 7 6 5 4 3 2 1 9
301845 301845 1 0 0 3 2 9 8 5 7 6 5 4 3 2 1 2
301845 301845 1 0 0 3 2 9 8 1 7 6 5 4 3 2 1 9
301855 301856 1 0 0 3 2 9 8 5 7 6 5 4 3 2 1 2
301855 301856 1 0 0 3 2 9 8 1 7 6 5 4 3 2 1 9
301864 301864 1 0 0 3 2 9 8 5 7 6 5 4 3 2 1 2
301864 301864 1 0 0 3 2 9 8 1 7 6 5 4 3 2 1 9
301868 301869 1 0 0 3 2 9 8 5 7 6 5 4 3 2 1 2
301868 301869 1 0 0 3 2 9 8 1 7 6 5 4 3 2 1 9
301883 301883 1 0 0 3 2 9 8 5 7 6 5 4 3 2 1 2
301883 301883 1 0 0 3 2 9 8 1 7 6 5 4 3 2 1 9
301886 301888 1 0 0 3 2 9 8 5 7 6 5 4 3 2 1 2
301886 301888 1 0 0 3 2 9 8 1 7 6 5 4 3 2 1 9
301898 301898 1 0 0 3 2 9 8 5 7 6 5 4 3 2 1 2
301898 301898 1 0 0 3 2 9 8 1 7 6 5 4 3 2 1 9
301914 301996 1 0 0 3 2 9 8 5 7 6 5 4 3 2 1 2
301914 301996 1 0 0 3 2 9 8 1 7 6 5 4 3 2 1 9
302500 302500 1 0 0 3 2 9 8 5 7 6 5 4 3 2 1 2
302500 302500 1 0 0 3 2 9 8 1 7 6 5 4 3 2 1 9
302556 302556 1 0 0 3 2 9 8 5 7 6 5 4 3 2 1 2
302556 302556 1 0 0 3 2 9 8 1 7 6 5 4 3 2 1 9
302579 302580 1 0 0 3 2 9 8 5 7 6 5 4 3 2 1 2
302579 302580 1 0 0 3 2 9 8 1 7 6 5 4 3 2 1 9
303460 303461 1 0 0 3 2 9 8 5 7 6 5 4 3 2 1 2
303460 303461 1 0 0 3 2 9 8 1 7 6 5 4 3 2 1 9
305907 305939 1 0 0 3 2 9 8 5 7 6 5 4 3 2 1 2
305907 305939 1 0 0 3 2 9 8 1 7 6 5 4 3 2 1 9
305941 305960 1 0 0 3 2 9 8 5 7 6 5 4 3 2 1 2
305941 305960 1 0 0 3 2 9 8 1 7 6 5 4 3 2 1 9
305971 305971 1 0 0 3 2 9 8 5 7 6 5 4 3 2 1 2
305971 305971 1 0 0 3 2 9 8 1 7 6 5 4 3 2 1 9
305974 305974 1 0 0 3 2 9 8 5 7 6 5 4 3 2 1 2
305974 305974 1 0 0 3 2 9 8 1 7 6 5 4 3 2 1 9
305978 305978 1 0 0 3 2 9 8 5 7 6 5 4 3 2 1 2
305978 305978 1 0 0 3 2 9 8 1 7 6 5 4 3 2 1 9
305982 305982 1 0 0 3 2 9 8 5 7 6 5 4 3 2 1 2
305982 305982 1 0 0 3 2 9 8 1 7 6 5 4 3 2 1 9
305984 305988 1 0 0 3 2 9 8 5 7 6 5 4 3 2 1 2
305984 305988 1 0 0 3 2 9 8 1 7 6 5 4 3 2 1 9
305990 305993 1 0 0 3 2 9 8 5 7 6 5 4 3 2 1 2
305990 305993 1 0 0 3 2 9 8 1 7 6 5 4 3 2 1 9
306017 306018 1 0 0 3 2 9 8 5 7 6 5 4 3 2 1 2
306017 306018 1 0 0 3 2 9 8 1 7 6 5 4 3 2 1 9
306020 306020 1 0 0 3 2 9 8 5 7 6 5 4 3 2 1 2
306020 306020 1 0 0 3 2 9 8 1 7 6 5 4 3 2 1 9
306028 306028 1 0 0 3 2 9 8 5 7 6 5 4 3 2 1 2
306028 306028 1 0 0 3 2 9 8 1 7 6 5 4 3 2 1 9
306038 306038 1 0 0 3 2 9 8 5 7 6 5 4 3 2 1 2
306038 306038 1 0 0 3 2 9 8 1 7 6 5 4 3 2 1 9
306150 306151 1 0 0 3 2 9 8 5 7 6 5 4 3 2 1 2
306150 306151 1 0 0 3 2 9 8 1 7 6 5 4 3 2 1 9
306154 306155 1 0 0 3 2 9 8 5 7 6 5 4 3 2 1 2
306154 306155 1 0 0 3 2 9 8 1 7 6 5 4 3 2 1 9
306228 306228 1 0 0 3 2 9 8 5 7 6 5 4 3 2 1 2
306228 306228 1 0 0 3 2 9 8 1 7 6 5 4 3 2 1 9
306229 306229 1 0 0 3 2 9 8 5 7 6 5 4 3 2 1 2
306229 306229 1 0 0 3 2 9 8 1 7 6 5 4 3 2 1 9
306232 306232 1 0 0 3 2 9 8 5 7 6 5 4 3 2 1 2
306232 306232 1 0 0 3 2 9 8 1 7 6 5 4 3 2 1 9
306242 306242 1 0 0 3 2 9 8 5 7 6 5 4 3 2 1 2
306242 306242 1 0 0 3 2 9 8 1 7 6 5 4 3 2 1 9
306245 306245 1 0 0 3 2 9 8 5 7 6 5 4 3 2 1 2
306245 306245 1 0 0 3 2 9 8 1 7 6 5 4 3 2 1 9
306249 306249 1 0 0 3 2 9 8 5 7 6 5 4 3 2 1 2
306249 306249 1 0 0 3 2 9 8 1 7 6 5 4 3 2 1 9
306255 306255 1 0 0 3 2 9 8 5 7 6 5 4 3 2 1 2
306255 306255 1 0 0 3 2 9 8 1 7 6 5 4 3 2 1 9
306259 306263 1 0 0 3 2 9 8 5 7 6 5 4 3 2 1 2
306259 306263 1 0 0 3 2 9 8 1 7 6 5 4 3 2 1 9
306272 306279 1 0 0 3 2 9 8 5 7 6 5 4 3 2 1 2
306272 306279 1 0 0 3 2 9 8 1 7 6 5 4 3 2 1 9
306281 306281 1 0 0 3 2 9 8 5 7 6 5 4 3 2 1 2
306281 306281 1 0 0 3 2 9 8 1 7 6 5 4 3 2 1 9
306289 306289 1 0 0 3 2 9 8 5 7 6 5 4 3 2 1 2
306289 306289 1 0 0 3 2 9 8 1 7 6 5 4 3 2 1 9
306296 306296 1 0 0 3 2 9 8 5 7 6 5 4 3 2 1 2
306296 306296 1 0 0 3 2 9 8 1 7 6 5 4 3 2 1 9
306299 306299 1 0 0 3 2 9 8 5 7 6 5 4 3 2 1 2
306299 306299 1 0 0 3 2 9 8 1 7 6 5 4 3 2 1 9
306300 306300 1 0 0 3 2 9 8 5 7 6 5 4 3 2 1 2
306300 306300 1 0 0 3 2 9 8 1 7 6 5 4 3 2 1 9
306347 306347 1 0 0 3 2 9 8 5 7 6 5 4 3 2 1 2
306347 306347 1 0 0 3 2 9 8 1 7 6 5 4 3 2 1 9
306354 306355 1 0 0 3 2 9 8 5 7 6 5 4 3 2 1 2
306354 306355 1 0 0 3 2 9 8 1 7 6 5 4 3 2 1 9
306357 306357 1 0 0 3 2 9 8 5 7 6 5 4 3 2 1 2
306357 306357 1 0 0 3 2 9 8 1 7 6 5 4 3 2 1 9
306359 306359 1 0 0 3 2 9 8 5 7 6 5 4 3 2 1 2
306359 306359 1 0 0 3 2 9 8 1 7 6 5 4 3 2 1 9
306364 306364 1 0 0 3 2 9 8 5 7 6 5 4 3 2 1 2
306364 306364 1 0 0 3 2 9 8 1 7 6 5 4 3 2 1 9
306394 306394 1 0 0 3 2 9 8 5 7 6 5 4 3 2 1 2
306394 306394 1 0 0 3 2 9 8 1 7 6 5 4 3 2 1 9
306397 306397 1 0 0 3 2 9 8 5 7 6 5 4 3 2 1 2
306397 306397 1 0 0 3 2 9 8 1 7 6 5 4 3 2 1 9
306410 306410 1 0 0 3 2 9 8 5 7 6 5 4 3 2 1 2
306410 306410 1 0 0 3 2 9 8 1 7 6 5 4 3 2 1 9
306412 306412 1 0 0 3 2 9 8 5 7 6 5 4 3 2 1 2
306412 306412 1 0 0 3 2 9 8 1 7 6 5 4 3 2 1 9
306414 306415 1 0 0 3 2 9 8 5 7 6 5 4 3 2 1 2
306414 306415 1 0 0 3 2 9 8 1 7 6 5 4 3 2 1 9
306418 306419 1 0 0 3 2 9 8 5 7 6 5 4 3 2 1 2
306418 306419 1 0 0 3 2 9 8 1 7 6 5 4 3 2 1 9
306422 306422 1 0 0 3 2 9 8 5 7 6 5 4 3 2 1 2
306422 306422 1 0 0 3 2 9 8 1 7 6 5 4 3 2 1 9
306434 306434 1 0 0 3 2 9 8 5 7 6 5 4 3 2 1 2
306434 306434 1 0 0 3 2 9 8 1 7 6 5 4 3 2 1 9
306437 306438 1 0 0 3 2 9 8 5 7 6 5 4 3 2 1 2
306437 306438 1 0 0 3 2 9 8 1 7 6 5 4 3 2 1 9
306442 306444 1 0 0 3 2 9 8 5 7 6 5 4 3 2 1 2
306442 306444 1 0 0 3 2 9 8 1 7 6 5 4 3 2 1 9
306457 306457 1 0 0 3 2 9 8 5 7 6 5 4 3 2 1 2
306457 306457 1 0 0 3 2 9 8 1 7 6 5 4 3 2 1 9
306472 306472 1 0 0 3 2 9 8 5 7 6 5 4 3 2 1 2
306472 306472 1 0 0 3 2 9 8 1 7 6 5 4 3 2 1 9
306479 306479 1 0 0 3 2 9 8 5 7 6 5 4 3 2 1 2
306479 306479 1 0 0 3 2 9 8 1 7 6 5 4 3 2 1 9
306497 306497 1 0 0 3 2 9 8 5 7 6 5 4 3 2 1 2
306497 306497 1 0 0 3 2 9 8 1 7 6 5 4 3 2 1 9
306521 306522 1 0 0 3 2 9 8 5 7 6 5 4 3 2 1 2
306521 306522 1 0 0 3 2 9 8 1 7 6 5 4 3 2 1 9
306537 306539 1 0 0 3 2 9 8 5 7 6 5 4 3 2 1 2
306537 306539 1 0 0 3 2 9 8 1 7 6 5 4 3 2 1 9
306541 306541 1 0 0 3 2 9 8 5 7 6 5 4 3 2 1 2
306541 306541 1 0 0 3 2 9 8 1 7 6 5 4 3 2 1 9
306549 306549 1 0 0 3 2 9 8 5 7 6 5 4 3 2 1 2
306549 306549 1 0 0 3 2 9 8 1 7 6 5 4 3 2 1 9
306562 306565 1 0 0 3 2 9 8 5 7 6 5 4 3 2 1 2
306562 306565 1 0 0 3 2 9 8 1 7 6 5 4 3 2 1 9
306572 306572 1 0 0 3 2 9 8 5 7 6 5 4 3 2 1 2
306572 306572 1 0 0 3 2 9 8 1 7 6 5 4 3 2 1 9
306585 306586 1 0 0 3 2 9 8 5 7 6 5 4 3 2 1 2
306585 306586 1 0 0 3 2 9 8 1 7 6 5 4 3 2 1 9
306592 306593 1 0 0 3 2 9 8 5 7 6 5 4 3 2 1 2
306592 306593 1 0 0 3 2 9 8 1 7 6 5 4 3 2 1 9
306675 306677 1 0 0 3 2 9 8 5 7 6 5 4 3 2 1 2
306675 306677 1 0 0 3 2 9 8 1 7 6 5 4 3 2 1 9
306689 306689 1 0 0 3 2 9 8 5 7 6 5 4 3 2 1 2
306689 306689 1 0 0 3 2 9 8 1 7 6 5 4 3 2 1 9
306695 306696 1 0 0 3 2 9 8 5 7 6 5 4 3 2 1 2
306695 306696 1 0 0 3 2 9 8 1 7 6 5 4 3 2 1 9
306733 306735 1 0 0 3 2 9 8 5 7 6 5 4 3 2 1 2
306733 306735 1 0 0 3 2 9 8 1 7 6 5 4 3 2 1 9
306747 306749 1 0 0 3 2 9 8 5 7 6 5 4 3 2 1 2
306747 306749 1 0 0 3 2 9 8 1 7 6 5 4 3 2 1 9
306753 306753 1 0 0 3 2 9 8 5 7 6 5 4 3 2 1 2
306753 306753 1 0 0 3 2 9 8 1 7 6 5 4 3 2 1 9
306756 306756 1 0 0 3 2 9 8 5 7 6 5 4 3 2 1 2
306756 306756 1 0 0 3 2 9 8 1 7 6 5 4 3 2 1 9
306759 306759 1 0 0 3 2 9 8 5 7 6 5 4 3 2 1 2
306759 306759 1 0 0 3 2 9 8 1 7 6 5 4 3 2 1 9
306762 306762 1 0 0 3 2 9 8 5 7 6 5 4 3 2 1 2
306762 306762 1 0 0 3 2 9 8 1 7 6 5 4 3 2 1 9
306764 306764 1 0 0 3 2 9 8 5 7 6 5 4 3 2 1 2
306764 306764 1 0 0 3 2 9 8 1 7 6 5 4 3 2 1 9
306766 306767 1 0 0 3 2 9 8 5 7 6 5 4 3 2 1 2
306766 306767 1 0 0 3 2 9 8 1 7 6 5 4 3 2 1 9
306769 306769 1 0 0 3 2 9 8 5 7 6 5 4 3 2 1 2
306769 306769 1 0 0 3 2 9 8 1 7 6 5 4 3 2 1 9
306772 306772 1 0 0 3 2 9 8 5 7 6 5 4 3 2 1 2
306772 306772 1 0 0 3 2 9 8 1 7 6 5 4 3 2 1 9
306775 306776 1 0 0 3 2 9 8 5 7 6 5 4 3 2 1 2
306775 306776 1 0 0 3 2 9 8 1 7 6 5 4 3 2 1 9
306779 306779 1 0 0 3 2 9 8 5 7 6 5 4 3 2 1 2
306779 306779 1 0 0 3 2 9 8 1 7 6 5 4 3 2 1 9
306782 306782 1 0 0 3 2 9 8 5 7 6 5 4 3 2 1 2
306782 306782 1 0 0 3 2 9 8 1 7 6 5 4 3 2 1 9
306788 306789 1 0 0 3 2 9 8 5 7 6 5 4 3 2 1 2
306788 306789 1 0 0 3 2 9 8 1 7 6 5 4 3 2 1 9
306799 306799 1 0 0 3 2 9 8 5 7 6 5 4 3 2 1 2
306799 306799 1 0 0 3 2 9 8 1 7 6 5 4 3 2 1 9
307184 307184 1 0 0 3 2 9 8 5 7 6 5 4 3 2 1 2
307184 307184 1 0 0 3 2 9 8 1 7 6 5 4 3 2 1 9
307188 307190 1 0 0 3 2 9 8 5 7 6 5 4 3 2 1 2
307188 307190 1 0 0 3 2 9 8 1 7 6 5 4 3 2 1 9
307198 307198 1 0 0 3 2 9 8 5 7 6 5 4 3 2 1 2
307198 307198 1 0 0 3 2 9 8 1 7 6 5 4 3 2 1 9
307271 307271 1 0 0 3 2 9 8 5 7 6 5 4 3 2 1 2
307271 307271 1 0 0 3 2 9 8 1 7 6 5 4 3 2 1 9
307274 307274 1 0 0 3 2 9 8 5 7 6 5 4 3 2 1 2
307274 307274 1 0 0 3 2 9 8 1 7 6 5 4 3 2 1 9
307654 307654 1 0 0 3 2 9 8 5 7 6 5 4 3 2 1 2
307654 307654 1 0 0 3 2 9 8 1 7 6 5 4 3 2 1 9
307779 307779 1 0 0 3 2 9 8 5 7 6 5 4 3 2 1 2
307779 307779 1 0 0 3 2 9 8 1 7 6 5 4 3 2 1 9
307788 307789 1 0 0 3 2 9 8 5 7 6 5 4 3 2 1 2
307788 307789 1 0 0 3 2 9 8 1 7 6 5 4 3 2 1 9
307809 307809 1 0 0 3 2 9 8 5 7 6 5 4 3 2 1 2
307809 307809 1 0 0 3 2 9 8 1 7 6 5 4 3 2 1 9
308012 308012 1 0 0 3 2 9 8 5 7 6 5 4 3 2 1 2
308012 308012 1 0 0 3 2 9 8 1 7 6 5 4 3 2 1 9
308016 308016 1 0 0 3 2 9 8 5 7 6 5 4 3 2 1 2
308016 308016 1 0 0 3 2 9 8 1 7 6 5 4 3 2 1 9
308026 308027 1 0 0 3 2 9 8 5 7 6 5 4 3 2 1 2
308026 308027 1 0 0 3 2 9 8 1 7 6 5 4 3 2 1 9
308033 308034 1 0 0 3 2 9 8 5 7 6 5 4 3 2 1 2
308033 308034 1 0 0 3 2 9 8 1 7 6 5 4 3 2 1 9
308037 308037 1 0 0 3 2 9 8 5 7 6 5 4 3 2 1 2
308037 308037 1 0 0 3 2 9 8 1 7 6 5 4 3 2 1 9
308042 308042 1 0 0 3 2 9 8 5 7 6 5 4 3 2 1 2
308042 308042 1 0 0 3 2 9 8 1 7 6 5 4 3 2 1 9
308045 308045 1 0 0 3 2 9 8 5 7 6 5 4 3 2 1 2
308045 308045 1 0 0 3 2 9 8 1 7 6 5 4 3 2 1 9
308048 308049 1 0 0 3 2 9 8 5 7 6 5 4 3 2 1 2
308048 308049 1 0 0 3 2 9 8 1 7 6 5 4 3 2 1 9
308054 308055 1 0 0 3 2 9 8 5 7 6 5 4 3 2 1 2
308054 308055 1 0 0 3 2 9 8 1 7 6 5 4 3 2 1 9
308063 308063 1 0 0 3 2 9 8 5 7 6 5 4 3 2 1 2
308063 308063 1 0 0 3 2 9 8 1 7 6 5 4 3 2 1 9
308076 308077 1 0 0 3 2 9 8 5 7 6 5 4 3 2 1 2
308076 308077 1 0 0 3 2 9 8 1 7 6 5 4 3 2 1 9
308082 308083 1 0 0 3 2 9 8 5 7 6 5 4 3 2 1 2
308082 308083 1 0 0 3 2 9 8 1 7 6 5 4 3 2 1 9
308085 308085 1 0 0 3 2 9 8 5 7 6 5 4 3 2 1 2
308085 308085 1 0 0 3 2 9 8 1 7 6 5 4 3 2 1 9
308087 308089 1 0 0 3 2 9 8 5 7 6 5 4 3 2 1 2
308087 308089 1 0 0 3 2 9 8 1 7 6 5 4 3 2 1 9
308095 308097 1 0 0 3 2 9 8 5 7 6 5 4 3 2 1 2
308095 308097 1 0 0 3 2 9 8 1 7 6 5 4 3 2 1 9
308404 308404 1 0 0 3 2 9 8 5 7 6 5 4 3 2 1 2
308404 308404 1 0 0 3 2 9 8 1 7 6 5 4 3 2 1 9
308412 308412 1 0 0 3 2 9 8 5 7 6 5 4 3 2 1 2
308412 308412 1 0 0 3 2 9 8 1 7 6 5 4 3 2 1 9
308420 308427 1 0 0 3 2 9 8 5 7 6 5 4 3 2 1 2
308420 308427 1 0 0 3 2 9 8 1 7 6 5 4 3 2 1 9
308433 308434 1 0 0 3 2 9 8 5 7 6 5 4 3 2 1 2
308433 308434 1 0 0 3 2 9 8 1 7 6 5 4 3 2 1 9
308441 308446 1 0 0 3 2 9 8 5 7 6 5 4 3 2 1 2
308441 308446 1 0 0 3 2 9 8 1 7 6 5 4 3 2 1 9
308448 308448 1 0 0 3 2 9 8 5 7 6 5 4 3 2 1 2
308448 308448 1 0 0 3 2 9 8 1 7 6 5 4 3 2 1 9
308451 308454 1 0 0 3 2 9 8 5 7 6 5 4 3 2 1 2
308451 308454 1 0 0 3 2 9 8 1 7 6 5 4 3 2 1 9
308457 308459 1 0 0 3 2 9 8 5 7 6 5 4 3 2 1 2
308457 308459 1 0 0 3 2 9 8 1 7 6 5 4 3 2 1 9
308462 308463 1 0 0 3 2 9 8 5 7 6 5 4 3 2 1 2
308462 308463 1 0 0 3 2 9 8 1 7 6 5 4 3 2 1 9
308467 308469 1 0 0 3 2 9 8 5 7 6 5 4 3 2 1 2
308467 308469 1 0 0 3 2 9 8 1 7 6 5 4 3 2 1 9
308472 308473 1 0 0 3 2 9 8 5 7 6 5 4 3 2 1 2
308472 308473 1 0 0 3 2 9 8 1 7 6 5 4 3 2 1 9
308475 308477 1 0 0 3 2 9 8 5 7 6 5 4 3 2 1 2
308475 308477 1 0 0 3 2 9 8 1 7 6 5 4 3 2 1 9
308479 308479 1 0 0 3 2 9 8 5 7 6 5 4 3 2 1 2
308479 308479 1 0 0 3 2 9 8 1 7 6 5 4 3 2 1 9
308482 308482 1 0 0 3 2 9 8 5 7 6 5 4 3 2 1 2
308482 308482 1 0 0 3 2 9 8 1 7 6 5 4 3 2 1 9
308484 308487 1 0 0 3 2 9 8 5 7 6 5 4 3 2 1 2
308484 308487 1 0 0 3 2 9 8 1 7 6 5 4 3 2 1 9
308784 308784 1 0 0 3 2 9 8 5 7 6 5 4 3 2 1 2
308784 308784 1 0 0 3 2 9 8 1 7 6 5 4 3 2 1 9
308804 308804 1 0 0 3 2 9 8 5 7 6 5 4 3 2 1 2
308804 308804 1 0 0 3 2 9 8 1 7 6 5 4 3 2 1 9
308822 308822 1 0 0 3 2 9 8 5 7 6 5 4 3 2 1 2
308822 308822 1 0 0 3 2 9 8 1 7 6 5 4 3 2 1 9
308952 308952 1 0 0 3 2 9 8 5 7 6 5 4 3 2 1 2
308952 308952 1 0 0 3 2 9 8 1 7 6 5 4 3 2 1 9
309001 309633 1 0 0 3 2 9 8 5 7 6 5 4 3 2 1 2
309001 309633 1 0 0 3 2 9 8 1 7 6 5 4 3 2 1 9
309634 309634 1 0 0 3 2 9 8 1 7 6 5 4 3 2 1
309635 309746 1 0 0 3 2 9 8 5 7 6 5 4 3 2 1 2
309635 309746 1 0 0 3 2 9 8 1 7 6 5 4 3 2 1 9
309748 309871 1 0 0 3 2 9 8 5 7 6 5 4 3 2 1 2
309748 309871 1 0 0 3 2 9 8 1 7 6 5 4 3 2 1 9
309873 309915 1 0 0 3 2 9 8 5 7 6 5 4 3 2 1 2
309873 309915 1 0 0 3 2 9 8 1 7 6 5 4 3 2 1 9
309917 309999 1 0 0 3 2 9 8 5 7 6 5 4 3 2 1 2
309917 309999 1 0 0 3 2 9 8 1 7 6 5 4 3 2 1 9
400000 400514 1 0 0 0 0 0 0 0 7 6 5 4 3 2 1
400000 400514 2 2 1 2 1 2 1 2 1 2 1 2 1 2 1
400515 400515 1 0 0 0 0 0 0 8 5 7 3 4 9 2 1
400516 404799 1 0 0 0 0 0 0 0 7 6 5 4 3 2 1
400516 404799 2 2 1 2 1 2 1 2 1 2 1 2 1 2 1
500000 501029 1 0 0 0 0 0 0 8 7 6 5 4 3 2 1
502101 560070 1 0 0 0 0 0 0 8 7 6 5 4 3 2 1
600000 600108 1 0 0 0 0 0 0 8 7 6 5 4 3 2 1
600110 600124 1 0 0 0 0 0 0 8 7 6 5 4 3 2 1
600127 600142 1 0 0 0 0 0 0 8 7 6 5 4 3 2 1
600144 600149 1 0 0 0 0 0 0 8 7 6 5 4 3 2 1
600180 600304 1 0 0 0 0 0 0 8 7 6 5 4 3 2 1
600307 600312 1 0 0 0 0 0 0 8 7 6 5 4 3 2 1
600314 600355 1 0 0 0 0 0 0 8 7 6 5 4 3 2 1
600357 600851 1 0 0 0 0 0 0 8 7 6 5 4 3 2 1
600901 601360 1 0 0 0 0 0 0 8 7 6 5 4 3 2 1
601403 608028 1 0 0 0 0 0 0 8 7 6 5 4 3 2 1
609593 609593 0 0 0 0 0 0 0 7 1 3 7 1 3 7 1
609599 609599 0 0 0 0 0 0 0 0 5 7 5 2 1 2 1
640001 640001 1 0 0 0 0 0 0 8 7 6 5 4 3 2 1
720000 720249 1 0 0 0 0 0 9 8 7 6 5 4 3 2 1
720251 724443 1 0 0 0 0 0 9 8 7 6 5 4 3 2 1
725000 725251 1 0 0 0 0 0 9 8 7 6 5 4 3 2 1
725253 725616 1 0 0 0 0 0 9 8 7 6 5 4 3 2 1
726000 726616 1 0 0 0 0 0 9 8 7 6 5 4 3 2 1
770100 771799 1 0 0 1 2 5 3 6 4 8 7 10 9 3 1 7
771877 771877 1 0 0 1 2 5 3 6 4 8 7 10 9 3 1 7
771900 772799 1 0 0 1 2 5 3 6 4 8 7 10 9 3 1 7
772813 772817 1 0 0 1 2 5 3 6 4 8 7 10 9 3 1 7
772901 773999 1 0 0 1 2 5 3 6 4 8 7 10 9 3 1 7
774100 774599 1 0 0 1 2 5 3 6 4 8 7 10 9 3 1 7
774700 774830 1 0 0 1 2 5 3 6 4 8 7 10 9 3 1 7
774832 777789 1 0 0 1 2 5 3 6 4 8 7 10 9 3 1 7
777791 777999 1 0 0 1 2 5 3 6 4 8 7 10 9 3 1 7
778001 778001 1 0 0 1 2 5 3 6 4 8 7 10 9 3 1 7
778300 778799 1 0 0 1 2 5 3 6 4 8 7 10 9 3 1 7
778855 778855 1 0 0 1 2 5 3 6 4 8 7 10 9 3 1 7
778900 779174 1 0 0 1 2 5 3 6 4 8 7 10 9 3 1 7
779414 779999 1 0 0 1 2 5 3 6 4 8 7 10 9 3 1 7
800000 802005 1 0 0 1 8 2 6 3 7 9 5 8 4 2 1
802007 802042 1 0 0 1 8 2 6 3 7 9 5 8 4 2 1
802044 802065 1 0 0 1 8 2 6 3 7 9 5 8 4 2 1
802067 802109 1 0 0 1 8 2 6 3 7 9 5 8 4 2 1
802111 802114 1 0 0 1 8 2 6 3 7 9 5 8 4 2 1
802116 802123 1 0 0 1 8 2 6 3 7 9 5 8 4 2 1
802151 802154 1 0 0 1 8 2 6 3 7 9 5 8 4 2 1
802156 802179 1 0 0 1 8 2 6 3 7 9 5 8 4 2 1
802181 803599 1 0 0 1 8 2 6 3 7 9 5 8 4 2 1
803609 819999 1 0 0 1 8 2 6 3 7 9 5 8 4 2 1
820000 826917 1 0 0 0 0 0 0 0 0 7 3 4 9 2 1
820000 826917 2 2 1 2 1 2 1 2 1 2 1 2 1 2 1 3
826919 827999 1 0 0 0 0 0 0 0 0 7 3 4 9 2 1
826919 827999 2 2 1 2 1 2 1 2 1 2 1 2 1 2 1 3
829000 829999 1 0 0 0 0 0 0 0 0 7 3 4 9 2 1
829000 829999 2 2 1 2 1 2 1 2 1 2 1 2 1 2 1 3
830000 835700 1 0 0 4 3 2 7 2 7 6 5 4 3 2 1
836500 836501 1 0 0 4 3 2 7 2 7 6 5 4 3 2 1
836505 836506 1 0 0 4 3 2 7 2 7 6 5 4 3 2 1
836510 836510 1 0 0 4 3 2 7 2 7 6 5 4 3 2 1
836515 836515 1 0 0 4 3 2 7 2 7 6 5 4 3 2 1
836530 836530 1 0 0 4 3 2 7 2 7 6 5 4 3 2 1
836535 836535 1 0 0 4 3 2 7 2 7 6 5 4 3 2 1
836540 836540 1 0 0 4 3 2 7 2 7 6 5 4 3 2 1
836560 836560 1 0 0 4 3 2 7 2 7 6 5 4 3 2 1
836565 836565 1 0 0 4 3 2 7 2 7 6 5 4 3 2 1
836570 836570 1 0 0 4 3 2 7 2 7 6 5 4 3 2 1
836585 836585 1 0 0 4 3 2 7 2 7 6 5 4 3 2 1
836590 836590 1 0 0 4 3 2 7 2 7 6 5 4 3 2 1
836595 836595 1 0 0 4 3 2 7 2 7 6 5 4 3 2 1
836620 836620 1 0 0 4 3 2 7 2 7 6 5 4 3 2 1
836625 836625 1 0 0 4 3 2 7 2 7 6 5 4 3 2 1
836630 836630 1 0 0 4 3 2 7 2 7 6 5 4 3 2 1
837550 837550 1 0 0 4 3 2 7 2 7 6 5 4 3 2 1
837560 837560 1 0 0 4 3 2 7 2 7 6 5 4 3 2 1
837570 837570 1 0 0 4 3 2 7 2 7 6 5 4 3 2 1
837580 837580 1 0 0 4 3 2 7 2 7 6 5 4 3 2 1
839105 839106 1 7 6 5 4 3 2 7 6 5 4 3 2 1 0
839105 839106 2 2 1 2 1 2 1 2 1 2 1 2 1 2 1
839130 839131 1 7 6 5 4 3 2 7 6 5 4 3 2 1 0
839130 839131 2 2 1 2 1 2 1 2 1 2 1 2 1 2 1
839147 839147 0 0 0 0 0 0 0 0 5 7 5 2 1 2 1
870000 872791 1 0 0 1 2 5 3 6 4 8 7 10 9 3 1 10
870000 872791 1 0 0 5 10 9 8 0 7 6 5 4 3 2 1 11
872793 876899 1 0 0 1 2 5 3 6 4 8 7 10 9 3 1 10
872793 876899 1 0 0 5 10 9 8 0 7 6 5 4 3 2 1 11
876919 876919 1 0 0 1 2 5 3 6 4 8 7 10 9 3 1 10
876919 876919 1 0 0 5 10 9 8 0 7 6 5 4 3 2 1 11
876921 876923 1 0 0 1 2 5 3 6 4 8 7 10 9 3 1 10
876921 876923 1 0 0 5 10 9 8 0 7 6 5 4 3 2 1 11
876925 876932 1 0 0 1 2 5 3 6 4 8 7 10 9 3 1 10
876925 876932 1 0 0 5 10 9 8 0 7 6 5 4 3 2 1 11
876935 876935 1 0 0 1 2 5 3 6 4 8 7 10 9 3 1 10
876935 876935 1 0 0 5 10 9 8 0 7 6 5 4 3 2 1 11
876951 876951 1 0 0 1 2 5 3 6 4 8 7 10 9 3 1 10
876951 876951 1 0 0 5 10 9 8 0 7 6 5 4 3 2 1 11
876953 876955 1 0 0 1 2 5 3 6 4 8 7 10 9 3 1 10
876953 876955 1 0 0 5 10 9 8 0 7 6 5 4 3 2 1 11
876957 876957 1 0 0 1 2 5 3 6 4 8 7 10 9 3 1 10
876957 876957 1 0 0 5 10 9 8 0 7 6 5 4 3 2 1 11
876961 876965 1 0 0 1 2 5 3 6 4 8 7 10 9 3 1 10
876961 876965 1 0 0 5 10 9 8 0 7 6 5 4 3 2 1 11
877000 877070 1 0 0 1 2 5 3 6 4 8 7 10 9 3 1 10
877000 877070 1 0 0 5 10 9 8 0 7 6 5 4 3 2 1 11
877071 877071 1 0 0 1 2 5 3 6 4 8 7 10 9 3 1 10
877071 877071 1 0 0 5 10 9 8 0 7 6 5 4 3 2 1 11
877078 877078 1 0 0 1 2 5 3 6 4 8 7 10 9 3 1 10
877078 877078 1 0 0 5 10 9 8 0 7 6 5 4 3 2 1 11
877088 877088 1 0 0 1 2 5 3 6 4 8 7 10 9 3 1 10
877088 877088 1 0 0 5 10 9 8 0 7 6 5 4 3 2 1 11
877090 877090 1 0 0 1 2 5 3 6 4 8 7 10 9 3 1 10
877090 877090 1 0 0 5 10 9 8 0 7 6 5 4 3 2 1 11
877098 877098 1 0 0 1 2 5 3 6 4 8 7 10 9 3 1 10
877098 877098 1 0 0 5 10 9 8 0 7 6 5 4 3 2 1 11
877099 879999 1 0 0 1 2 5 3 6 4 8 7 10 9 3 1 10
877099 879999 1 0 0 5 10 9 8 0 7 6 5 4 3 2 1 11
890000 890699 1 0 0 0 0 0 9 8 7 6 5 4 3 2 1
891000 891616 1 0 0 0 0 0 9 8 7 6 5 4 3 2 1
892000 892616 1 0 0 0 0 0 9 8 7 6 5 4 3 2 1
900000 902396 0 0 0 0 0 0 0 128 64 32 16 8 4 2 1
900000 902396 1 32 16 8 4 2 1 0 0 0 0 0 0 0 0
902398 909999 0 0 0 0 0 0 0 128 64 32 16 8 4 2 1
902398 909999 1 32 16 8 4 2 1 0 0 0 0 0 0 0 0
938000 938696 1 7 6 5 4 3 2 7 6 5 4 3 2 0 0 5
938000 938696 2 2 1 2 1 2 1 2 1 2 1 2 1 2 0 5
938698 938999 1 7 6 5 4 3 2 7 6 5 4 3 2 0 0 5
938698 938999 2 2 1 2 1 2 1 2 1 2 1 2 1 2 0 5
950000 950002 1 0 0 0 0 0 0 0 7 6 5 4 3 2 1
950000 950002 2 2 1 2 1 2 1 2 1 2 1 2 1 2 1
950004 950479 1 0 0 0 0 0 0 0 7 6 5 4 3 2 1
950004 950479 2 2 1 2 1 2 1 2 1 2 1 2 1 2 1
950500 959999 1 0 0 0 0 0 0 0 7 6 5 4 3 2 1
950500 959999 2 2 1 2 1 2 1 2 1 2 1 2 1 2 1
980000 980004 1 0 0 0 0 0 0 7 6 5 4 3 2 1 0
980000 980004 2 2 1 2 1 2 1 2 1 2 1 2 1 2 1
980006 983000 1 0 0 0 0 0 0 7 6 5 4 3 2 1 0
980006 983000 2 2 1 2 1 2 1 2 1 2 1 2 1 2 1
983003 987000 1 0 0 0 0 0 0 7 6 5 4 3 2 1 0
983003 987000 2 2 1 2 1 2 1 2 1 2 1 2 1 2 1
987004 989999 1 0 0 0 0 0 0 7 6 5 4 3 2 1 0
987004 989999 2 2 1 2 1 2 1 2 1 2 1 2 1 2 1
