28 28
4.47281734859 0.0451705408324 0.0380999514192 0.0436459780057 0.0483200487271 0.0300493178943 0.0450885335799 0.0455910887851 0.0740839069958 0.0452629880177 0.0501736825947 0.0582352594202 0.0635425103557 0.0697765634889 0.0393461546845 0.0358289926297 0.0464267620038 0.0470900601046 0.0468212173874 0.0447358340567 0.0347212181782 0.0248257791508 0.0380755096942 0.0414188372734 0.0341019516622 0.0476280574684 0.039540453688 0.0488729028476
0.0469342298771 2.73379212258 0.0460351082196 0.0821377693674 0.0607821890897 0.0391468194302 0.06711403459 0.0660280042321 0.0499268632626 0.0385591458901 0.0336127895953 0.053954573531 0.0640961946522 0.0479312420306 0.0511123448951 0.0568565718662 0.0381851725456 0.0697396854387 0.0669279636559 0.0436759582386 0.0587357785569 0.0304891711188 0.0416624933554 0.0322961907083 0.0313980810969 0.035195414103 0.030493433552 0.0412566177979
0.0364653356288 0.0434162572594 5.6547649788 0.0578095195964 0.0540181358384 0.0339737015468 0.0688608628983 0.0345180965469 0.0447496613049 0.037431992085 0.0402204412902 0.0615712839511 0.0390577838133 0.0357773925016 0.0868389481957 0.0447412233875 0.0522512987565 0.0515301891875 0.0625355791877 0.0488978442721 0.0620999442287 0.0336483145993 0.0345652405379 0.0284956760435 0.0350629615198 0.0537494556838 0.0339354387794 0.0352481760042
0.0420119960421 0.0881843378933 0.0481381213119 1.82088251647 0.0429094515731 0.0331360160312 0.0423322121154 0.0440110916847 0.0501304905042 0.0436025569934 0.0310740588172 0.0526017843752 0.0525932919831 0.0498366765482 0.0790084600143 0.0519823783882 0.0460253721325 0.0534185198683 0.0391460214081 0.0497978952594 0.0849353292651 0.0349340612876 0.0421753349937 0.0321949337088 0.0344108887291 0.0425503316227 0.0277712332472 0.0343775803661
0.0459297697611 0.0647713647168 0.0591011273698 0.0496748631599 5.4299382413 0.0874756008104 0.0489024136658 0.0715988628522 0.0518079622998 0.0346064682011 0.0588395444233 0.0656733402376 0.0589289878493 0.0504602918804 0.0439210242254 0.0563436413766 0.0388492378828 0.0854556063366 0.0504464235705 0.0684077689496 0.0623883231403 0.0419627386056 0.0438745987046 0.0434519954079 0.0477553642339 0.0565700317958 0.0362048965804 0.042256572693
0.0348838055546 0.0446930464775 0.0417037036125 0.0440633562605 0.0890133373904 2.28233712856 0.0423901925794 0.0582710921674 0.0512197290247 0.0339853609946 0.0461803698705 0.036468170983 0.0444174736127 0.0456376957832 0.043534547492 0.109812769162 0.0335340020926 0.0657338169345 0.0419571572244 0.0602234062753 0.0470958560185 0.0511755902082 0.042896140524 0.0371158644138 0.0434298298464 0.0430503455382 0.0308146315303 0.0497849894281
0.0458273976121 0.0728419980756 0.084940279102 0.04695484606 0.0511083477547 0.0384613785064 2.36875043153 0.0438158340875 0.0500463162115 0.0390740448818 0.0358357389669 0.0488298499594 0.0461540614074 0.0405460576584 0.0853881511034 0.0437506359349 0.0609104059933 0.0548725348052 0.076258638096 0.0442093233387 0.0549616477252 0.0318709252931 0.0409124544901 0.0260995867084 0.0297982229659 0.0352080065673 0.0339000979265 0.0383760395253
0.0492369121772 0.0624086111169 0.0333338750328 0.0424863357136 0.0535787106892 0.0426069828281 0.0397889780731 1.64417083078 0.0504583319737 0.0363274580443 0.0491802992355 0.0449014714543 0.1259510297 0.109813155949 0.0388203814087 0.0426180494134 0.0382554737472 0.0719289357635 0.0383064639352 0.0431925456443 0.0734651253484 0.0394195456384 0.057787959638 0.0382120581637 0.0403807933794 0.0336533206568 0.0305891481201 0.0460988896678
0.0923787879768 0.0539428223844 0.0449192122959 0.052446473143 0.0624617603982 0.0464834826457 0.0605280509956 0.0568820772939 5.11375630334 0.0573288561378 0.047188649741 0.0890045695385 0.0614562619617 0.0602180547874 0.0577253244706 0.0487115256825 0.0445845196386 0.0543227186433 0.0479296734291 0.0920375928855 0.0667570178024 0.0549904211669 0.0471641431073 0.0408290620838 0.0618825237234 0.0430785024634 0.0465016268632 0.0613329328663
0.0553109478799 0.0446178375161 0.0421609934555 0.0596845395457 0.0371624367589 0.0362565948794 0.0443587929426 0.042693775686 0.0659728975617 2.72116854353 0.0320522322666 0.0439886610879 0.0551578680091 0.0516108739528 0.0633551633949 0.0374607814811 0.0391126364237 0.034949915697 0.0639401982878 0.0438223959036 0.0656628193456 0.0386013257832 0.0541775193451 0.0356037121424 0.0394356292085 0.0454801024509 0.0466769804413 0.0491450715733
0.0544671966456 0.0335998716151 0.041827399161 0.0376468859452 0.0834812296893 0.0457666929216 0.0340403956867 0.0626418302731 0.0426112975478 0.0310214070046 1.25651809462 0.0484136608108 0.0826604977141 0.0732428079702 0.0327435230996 0.0415087751281 0.0361400292299 0.0784168507245 0.0385127138431 0.0516283353369 0.0482700749712 0.0385342576188 0.0387401293482 0.0690956052576 0.0679795304622 0.0538860536005 0.0319746164558 0.0409966099893
0.061691298303 0.0514314671002 0.0584243017124 0.0553980385418 0.0938788847088 0.0385886259347 0.0444940093199 0.0485807747737 0.0763131587503 0.0342503556227 0.0598278707348 4.71045892339 0.0500008381135 0.0505841467584 0.0434731169677 0.0485339047624 0.0474746704418 0.0582759772823 0.0416186779686 0.0578859468012 0.0587547671607 0.0423099399063 0.0461837006257 0.0373973184 0.0448360773626 0.0570548155657 0.0504862532498 0.0485717935609
0.0560480686093 0.0555729372888 0.0351230895279 0.0469017036115 0.0482911226535 0.038259450212 0.037017837876 0.116463228573 0.0507971158686 0.0407926552643 0.0578599608908 0.0459175069046 1.19232020503 0.152831275566 0.0405880351062 0.0379635475663 0.0380672951632 0.0589504323489 0.0434456255283 0.048317808181 0.0668551266638 0.0399386179323 0.0463501815391 0.0457267236213 0.0476681829742 0.0407958367859 0.0306883861497 0.0433052416632
0.056261933699 0.0458428961301 0.0330753411258 0.0461183921453 0.0479361337792 0.0398818371856 0.0338550219383 0.090401594564 0.046685418982 0.0375855605727 0.0556095853585 0.0452981026957 0.14221584504 1.48745822372 0.037710165683 0.0360189658452 0.0412130017814 0.066376250693 0.0399534005634 0.0455209097843 0.0600235475592 0.0407241557452 0.0521055327684 0.0454305170666 0.0478612210595 0.0375230689589 0.0296081037727 0.0431743470469
0.0415770669734 0.0546146144811 0.0808659120533 0.0992537450224 0.0378460195556 0.0358443542477 0.079139188817 0.0356986621362 0.0551891724368 0.052937074067 0.0314662053544 0.0492577256591 0.0464122509043 0.0443003843303 2.87039291189 0.0499585485797 0.0782285756232 0.0424323547753 0.0506990744405 0.0492540919034 0.0967947035744 0.0425364596627 0.0460751556611 0.0265172451572 0.0341796354379 0.042085482989 0.0342984891467 0.0383345130125
0.0345042733306 0.0612678998689 0.0399078259779 0.0588003483919 0.0473646134698 0.080064532208 0.0421805026254 0.0491536495879 0.0466456182636 0.0330789998638 0.0413582435977 0.0348660637586 0.0434397203734 0.0381750270334 0.0473062490522 2.38649228008 0.0355030835668 0.0801336110069 0.0350925726518 0.0460831774323 0.0467908465892 0.0398781857285 0.0400450669549 0.0342866088018 0.0404207128335 0.0399050543169 0.0281143805459 0.0456366585298
0.0675211527525 0.0563259286088 0.0935559244074 0.0663209593478 0.0555022474549 0.0436989201366 0.130692092247 0.0497188288995 0.0591762267887 0.0494860601296 0.0430881445452 0.0594697270684 0.0560009535215 0.0583863150277 0.167326981341 0.0535015465663 0.703459055352 0.0755447916406 0.0573962903349 0.0488436991754 0.0576946406019 0.0380150823694 0.0828105870892 0.0287989880346 0.034201504131 0.0511315199149 0.0407921473875 0.0519736799339
0.0460407817919 0.0585306269082 0.0447948641167 0.0490045669247 0.0718497869105 0.048193962891 0.0446597618504 0.0733555305582 0.0430852995135 0.0295814388462 0.0584437090585 0.0490262420903 0.0567528019811 0.066687798752 0.0436328798138 0.0665090633785 0.0470158188357 3.77030094061 0.0423555896277 0.0422178944762 0.041643116496 0.0312292440379 0.0511212974307 0.0425869913813 0.0410102332602 0.0432467410224 0.0305956521013 0.045625104035
0.0439476636622 0.0775126997513 0.0569187757958 0.0411467383369 0.050766566131 0.0388758164892 0.0751231067189 0.042348748267 0.040670800689 0.0500833265178 0.0335470208218 0.040918882791 0.0446597592746 0.0430722422905 0.051760230544 0.0364922481949 0.0371871364174 0.0486354680884 5.55719234938 0.0369742495699 0.0384209264631 0.0254697280611 0.0354956990023 0.0332542186167 0.0300039570695 0.0366029780871 0.0347159076351 0.0465242855301
0.0468655103928 0.0417942738903 0.046492271301 0.0583383003174 0.061210168031 0.0506404247995 0.0457274413717 0.0545725755614 0.0937508274576 0.0361584628819 0.0487410441386 0.0450752270761 0.0536802496746 0.0556228039649 0.0507483391941 0.0497163752573 0.0364794061895 0.0536171998609 0.0409595710247 4.9366668516 0.0754785383097 0.0602769982303 0.0399916571941 0.0485586682822 0.0957097809379 0.0456804734507 0.0329796969165 0.0452791956817
0.038856845113 0.0579708202054 0.0455287664178 0.0686808013746 0.0434933775109 0.0369885880143 0.0497491203514 0.0809411243757 0.0693427211189 0.0520469873354 0.0395357000139 0.0508490199196 0.0665147587675 0.0687974601707 0.0723691831956 0.0449516956881 0.040573886867 0.0420307698913 0.0370486165802 0.0604501958283 3.14233878887 0.0643605435152 0.0479205797568 0.0335687152949 0.0503043077788 0.036574998632 0.0320482899276 0.0392046053012
0.0302912083926 0.0333477149514 0.0350698415814 0.0407586659114 0.0413443643359 0.0491886441597 0.033835879309 0.0481020512364 0.0596869769081 0.0429324636674 0.0488648850003 0.037372551558 0.0545888688508 0.0616014358971 0.0456306691671 0.0435364249994 0.0336341833724 0.0409575119579 0.0309110643886 0.0730699165096 0.081787472925 0.693570560833 0.0490535550589 0.0434040724379 0.137428293562 0.0359010914842 0.0331156398075 0.0403207710348
0.0433670518061 0.0447181881492 0.0389186216188 0.0527599073791 0.0535122054009 0.0433080873248 0.0404863721924 0.0858763580572 0.0476305891371 0.0417519554811 0.0454852171738 0.0520748501329 0.0610478746863 0.0792096599924 0.0460129578189 0.0428240268907 0.061758850345 0.068780754044 0.0402798604331 0.0428694228734 0.052746316378 0.0498683683554 1.5614934068 0.0381707841944 0.044585086496 0.0360723654048 0.0347047239035 0.0503498152712
0.0678575486482 0.0360138150705 0.0360801368357 0.0447455084475 0.062901633807 0.0372330184134 0.0287395493703 0.0642312987624 0.0427061748257 0.0380124265253 0.18360272127 0.0503680093371 0.0864359048211 0.0962188451191 0.0312033214489 0.0365235557247 0.0346800661517 0.0611578577482 0.0431006353066 0.0568565292907 0.043466732919 0.0406182321797 0.039331688409 0.630823705281 0.0968916114649 0.0675978380933 0.0339656297686 0.045731589655
0.0353095108387 0.0319235220954 0.0347157843951 0.0387556925386 0.0462488920638 0.0438275177812 0.0318665550692 0.0484500943795 0.0595120218569 0.0359523911154 0.0661083413696 0.0373735611897 0.0569908533311 0.0593517858456 0.0368356841107 0.0436638266645 0.0304891887077 0.045141973304 0.0338918272104 0.108106581912 0.0593284425245 0.0931577898927 0.0400505250147 0.067070833962 1.58295863572 0.0428623851625 0.0341128443062 0.0447258454546
0.0626242961732 0.0381283878962 0.0585602259003 0.0546371466071 0.0996397407018 0.0424235952916 0.033519335391 0.0496600234303 0.0427320304974 0.0441842316396 0.0761901267637 0.0643030424005 0.0679077174712 0.042725852712 0.0432289213906 0.0511542879038 0.0460673051787 0.0719097535566 0.0468934321781 0.0648399191701 0.0444024378575 0.0351483536111 0.0407987470743 0.0947832525807 0.0597612117323 2.74894925943 0.0472105733091 0.0506749973618
0.0595921906083 0.0412338149382 0.0501701667336 0.045312106167 0.0554572683876 0.0410976173421 0.0439720105302 0.0437431060489 0.0986636216165 0.0726884926329 0.0516592876721 0.0786679811653 0.0493996269678 0.0420788758979 0.0500224503391 0.0406056610727 0.0424292396432 0.043749824005 0.0579666865832 0.0564519145722 0.0489632714611 0.0372014164233 0.0473763328525 0.0384517967122 0.0527270600713 0.0566422909484 5.65093969003 0.126034266529
0.0743929587696 0.0519158148609 0.0588287661186 0.0570525847882 0.0695839519402 0.0585400427916 0.0525921468479 0.0691599884257 0.0918806977211 0.0531779340411 0.0554891454039 0.0948886602945 0.0658171863385 0.0634040884919 0.0523208836368 0.0612775124549 0.0517057986478 0.0632974668413 0.0665657949886 0.0753502225532 0.050804804173 0.0455092894938 0.0627119439456 0.0478721578166 0.0551094165747 0.0574836652793 0.0853340599123 13.2537080279

-81.6814471099 -80.3622359619 -81.0949537449 -82.0766219479 -76.1023794138 -80.9353571725 -81.2381487767 -80.6369462317 -74.3296976319 -81.1488263241 -81.2137736103 -77.4177353271 -80.4130380895 -81.2543669525 -79.6891298098 -82.9358768857 -76.2612648599 -79.9429026575 -82.8980341704 -77.4608521515 -79.0128254456 -83.0970301309 -80.3641318437 -80.2114366191 -81.8922742449 -77.1851489145 -76.3773979919 -69.9696356047
